# Zini     MH   logAge Mini        int_IMF         Mass   logL    logTe  logg  label   McoreTP C_O  period0  period1  period2  period3  period4  pmode  Mloss  tau1m   X   Y   Xc  Xn  Xo  Cexcess  Z 	 mbolmag  F435Wmag  F475Wmag  F555Wmag  F606Wmag  F625Wmag  F775Wmag  F814Wmag
0.00015547 -2.00000 9.00000 0.0936335474 1.1156111859    0.094 -3.027  3.5161  5.453    0  0.000  0.545     0.00     0.00     0.00     0.00     0.00 -1 -7.31e-17      0.00 7.506e-01 2.493e-01 2.943e-05 7.939e-06 7.201e-05 -1.000 1.636e-04 12.338 15.906 15.169 14.134 13.450 13.070 11.736 11.568
0.00015547 -2.00000 9.00000 0.0982779637 1.1565584909    0.098 -2.907  3.5327  5.420    0  0.000  0.545     0.00     0.00     0.00     0.00     0.00 -1 -9.74e-17      0.00 7.505e-01 2.493e-01 2.943e-05 7.939e-06 7.201e-05 -1.000 1.637e-04 12.038 15.274 14.598 13.612 12.963 12.587 11.435 11.284
0.00015547 -2.00000 9.00000 0.0992222056 1.1645761801    0.099 -2.883  3.5363  5.414    0  0.000  0.545     0.00     0.00     0.00     0.00     0.00 -1 -1.03e-16      0.00 7.505e-01 2.493e-01 2.943e-05 7.939e-06 7.201e-05 -1.000 1.637e-04 11.977 15.142 14.479 13.508 12.864 12.488 11.373 11.225
0.00015547 -2.00000 9.00000 0.1024727523 1.1914362916    0.102 -2.790  3.5492  5.387    0  0.000  0.545     0.00     0.00     0.00     0.00     0.00 -1 -1.29e-16      0.00 7.504e-01 2.494e-01 2.943e-05 7.939e-06 7.201e-05 -1.000 1.637e-04 11.746 14.661 14.041 13.127 12.502 12.130 11.139 11.003
0.00015547 -2.00000 9.00000 0.1035686582 1.2002434792    0.103 -2.760  3.5536  5.378    0  0.000  0.545     0.00     0.00     0.00     0.00     0.00 -1 -1.39e-16      0.00 7.504e-01 2.495e-01 2.943e-05 7.939e-06 7.201e-05 -1.000 1.637e-04 11.669 14.505 13.897 13.004 12.385 12.016 11.060 10.928
0.00015547 -2.00000 9.00000 0.1037109271 1.2013779286    0.103 -2.757  3.5538  5.377    0  0.000  0.545     0.00     0.00     0.00     0.00     0.00 -1  -1.4e-16      0.00 7.504e-01 2.495e-01 2.943e-05 7.939e-06 7.201e-05 -1.000 1.637e-04 11.664 14.495 13.888 12.996 12.378 12.009 11.055 10.922
0.00015547 -2.00000 9.00000 0.1234388798 1.3415665689    0.123 -2.485  3.5815  5.292    1  0.000  0.545     0.00     0.00     0.00     0.00     0.00 -1 -2.65e-16      0.00 7.501e-01 2.497e-01 2.943e-05 7.939e-06 7.201e-05 -1.000 1.636e-04 10.983 13.343 12.810 12.046 11.486 11.140 10.364 10.252
0.00015547 -2.00000 9.00000 0.1433091164 1.4560319688    0.143 -2.315  3.5949  5.240    1  0.000  0.545     0.00     0.00     0.00     0.00     0.00 -1 -3.86e-16      0.00 7.499e-01 2.499e-01 2.943e-05 7.939e-06 7.201e-05 -1.000 1.636e-04 10.557 12.718 12.214 11.506 10.986 10.657 9.934 9.829
0.00015547 -2.00000 9.00000 0.1480150372 1.4801426999    0.148 -2.283  3.5971  5.231    1  0.000  0.545     0.00     0.00     0.00     0.00     0.00 -1 -4.13e-16      0.00 7.499e-01 2.499e-01 2.943e-05 7.939e-06 7.201e-05 -1.000 1.636e-04 10.478 12.607 12.108 11.408 10.895 10.569 9.853 9.749
0.00015547 -2.00000 9.00000 0.1631793380 1.5515256229    0.163 -2.187  3.6037  5.203    0  0.000  0.545     0.00     0.00     0.00     0.00     0.00 -1 -5.07e-16      0.00 7.498e-01 2.501e-01 2.943e-05 7.939e-06 7.201e-05 -1.000 1.636e-04 10.237 12.276 11.791 11.115 10.622 10.304 9.609 9.508
0.00015547 -2.00000 9.00000 0.2029198259 1.7036916472    0.203 -1.989  3.6158  5.149    1  0.000  0.545     0.00     0.00     0.00     0.00     0.00 -1 -7.63e-16      0.00 7.495e-01 2.504e-01 2.943e-05 7.939e-06 7.201e-05 -1.000 1.636e-04 9.743 11.627 11.164 10.530 10.071 9.768 9.109 9.013
0.00015547 -2.00000 9.00000 0.2525953948 1.8468695073    0.252 -1.800  3.6267  5.099    1  0.000  0.545     0.00     0.00     0.00     0.00     0.00 -1 -1.12e-15      0.00 7.492e-01 2.506e-01 2.943e-05 7.939e-06 7.201e-05 -1.000 1.637e-04 9.270 11.022 10.579 9.977 9.548 9.259 8.629 8.539
0.00015547 -2.00000 9.00000 0.3022710085 1.9574397077    0.302 -1.646  3.6355  5.058    1  0.000  0.545     0.00     0.00     0.00     0.00     0.00 -1 -1.53e-15      0.00 7.491e-01 2.508e-01 2.943e-05 7.940e-06 7.201e-05 -1.000 1.636e-04 8.885 10.537 10.108 9.531 9.125 8.847 8.239 8.153
0.00015547 -2.00000 9.00000 0.3519465327 2.0465963009    0.352 -1.513  3.6432  5.022    1  0.000  0.545     0.00     0.00     0.00     0.00     0.00 -1    -2e-15      0.00 7.490e-01 2.508e-01 2.943e-05 7.940e-06 7.201e-05 -1.000 1.637e-04 8.553 10.121 9.705 9.148 8.761 8.492 7.904 7.820
0.00015547 -2.00000 9.00000 0.3677437901 2.0715764688    0.368 -1.470  3.6459  5.009    1  0.000  0.545     0.00     0.00     0.00     0.00     0.00 -1  -2.2e-15      0.00 7.497e-01 2.502e-01 2.943e-05 7.940e-06 7.201e-05 -1.000 1.637e-04 8.444 9.985 9.573 9.023 8.641 8.375 7.794 7.712
0.00015547 -2.00000 9.00000 0.4016221166 2.1207314881    0.401 -1.380  3.6512  4.979    0  0.000  0.545     0.00     0.00     0.00     0.00     0.00 -1 -2.68e-15      0.00 7.507e-01 2.491e-01 2.943e-05 7.939e-06 7.201e-05 -1.000 1.637e-04 8.220 9.707 9.304 8.767 8.397 8.137 7.568 7.488
0.00015547 -2.00000 9.00000 0.4031156898 2.1227735799    0.403 -1.376  3.6516  4.977    0  0.000  0.545     0.00     0.00     0.00     0.00     0.00 -1  -2.7e-15      0.00 7.507e-01 2.491e-01 2.943e-05 7.939e-06 7.201e-05 -1.000 1.637e-04 8.209 9.692 9.289 8.754 8.385 8.125 7.557 7.477
0.00015547 -2.00000 9.00000 0.4512977004 2.1838121607    0.451 -1.241  3.6639  4.941    1  0.000  0.545     0.00     0.00     0.00     0.00     0.00 -1 -3.63e-15      0.00 7.507e-01 2.491e-01 2.943e-05 7.939e-06 7.201e-05 -1.000 1.636e-04 7.873 9.238 8.856 8.349 8.005 7.759 7.218 7.144
0.00015547 -2.00000 9.00000 0.5009732842 2.2384552293    0.501 -1.088  3.6794  4.896    1  0.000  0.545     0.00     0.00     0.00     0.00     0.00 -1 -5.17e-15      0.00 7.508e-01 2.491e-01 2.942e-05 7.938e-06 7.200e-05 -1.000 1.625e-04 7.491 8.716 8.360 7.888 7.574 7.344 6.836 6.767
0.00015547 -2.00000 9.00000 0.5506489277 2.2841947944    0.550 -0.928  3.6957  4.841    1  0.000  0.545     0.00     0.00     0.00     0.00     0.00 -1 -7.58e-15      0.00 7.537e-01 2.462e-01 2.911e-05 7.853e-06 7.123e-05 -1.000 1.331e-04 7.089 8.183 7.857 7.419 7.131 6.916 6.441 6.378
0.00015547 -2.00000 9.00000 0.6003244519 2.3213410765    0.600 -0.763  3.7156  4.794    1  0.000  0.545     0.00     0.00     0.00     0.00     0.00 -1 -1.12e-14      0.00 7.547e-01 2.451e-01 2.899e-05 7.823e-06 7.096e-05 -1.000 1.637e-04 6.679 7.630 7.342 6.944 6.684 6.487 6.048 5.991
0.00015547 -2.00000 9.00000 0.6499999762 2.3520353107    0.650 -0.603  3.7370  4.754    1  0.000  0.545     0.00     0.00     0.00     0.00     0.00 -1 -1.63e-14      0.00 7.562e-01 2.436e-01 2.884e-05 7.781e-06 7.057e-05 -1.000 1.637e-04 6.279 7.098 6.849 6.492 6.260 6.079 5.677 5.627
0.00015547 -2.00000 9.00000 0.6999999881 2.3779266974    0.700 -0.449  3.7593  4.721    1  0.000  0.545     0.00     0.00     0.00     0.00     0.00 -1 -2.33e-14      0.00 7.582e-01 2.416e-01 2.862e-05 7.723e-06 7.006e-05 -1.000 1.636e-04 5.892 6.596 6.386 6.070 5.864 5.700 5.338 5.294
0.00015547 -2.00000 9.00000 0.7307137251 2.3918266498    0.731 -0.358  3.7725  4.702    1  0.000  0.540     0.00     0.00     0.00     0.00     0.00 -1 -2.86e-14      0.00 7.602e-01 2.397e-01 2.819e-05 7.665e-06 6.960e-05 -1.000 1.637e-04 5.666 6.315 6.124 5.831 5.640 5.486 5.145 5.105
0.00015547 -2.00000 9.00000 0.7500000000 2.3998889087    0.750 -0.303  3.7805  4.690    1  0.000  0.537     0.00     0.00     0.00     0.00     0.00 -1 -3.25e-14      0.00 7.616e-01 2.383e-01 2.791e-05 7.624e-06 6.927e-05 -1.000 1.636e-04 5.528 6.147 5.968 5.688 5.506 5.357 5.028 4.991
0.00015547 -2.00000 9.00000 0.7609163523 2.4042445485    0.761 -0.273  3.7843  4.682    1  0.000  0.537     0.00     0.00     0.00     0.00     0.00 -1  -3.5e-14      0.00 7.625e-01 2.373e-01 2.782e-05 7.599e-06 6.905e-05 -1.000 1.637e-04 5.453 6.057 5.883 5.610 5.432 5.286 4.964 4.927
0.00015547 -2.00000 9.00000 0.8000000119 2.4187244405    0.800 -0.168  3.7975  4.651    1  0.000  0.537     0.00     0.00     0.00     0.00     0.00 -1  -4.5e-14      0.00 7.663e-01 2.336e-01 2.747e-05 7.505e-06 6.821e-05 -1.000 1.576e-04 5.190 5.745 5.590 5.339 5.175 5.039 4.738 4.705
0.00015547 -2.00000 9.00000 0.8500000238 2.4350346840    0.850 -0.039  3.8139  4.614    1  0.000  0.537     0.00     0.00     0.00     0.00     0.00 -1 -6.12e-14      0.00 7.656e-01 2.342e-01 2.763e-05 7.553e-06 6.866e-05 -1.000 1.637e-04 4.868 5.369 5.232 5.007 4.860 4.736 4.461 4.432
0.00015547 -2.00000 9.00000 0.8649595976 2.4394951042    0.864 -0.002  3.8187  4.604    1  0.000  0.537     0.00     0.00     0.00     0.00     0.00 -1 -6.69e-14      0.00 7.658e-01 2.340e-01 2.761e-05 7.549e-06 6.862e-05 -1.000 1.636e-04 4.776 5.261 5.129 4.910 4.767 4.647 4.380 4.352
0.00015547 -2.00000 9.00000 0.8999999762 2.4492786016    0.899  0.082  3.8297  4.580    1  0.000  0.536     0.00     0.00     0.00     0.00     0.00 -1  -8.2e-14      0.00 7.661e-01 2.337e-01 2.759e-05 7.542e-06 6.857e-05 -1.000 1.637e-04 4.564 5.014 4.892 4.688 4.556 4.443 4.193 4.168
0.00015547 -2.00000 9.00000 0.9120565057 2.4524456184    0.911  0.111  3.8336  4.573    1  0.000  0.536     0.00     0.00     0.00     0.00     0.00 -1 -8.75e-14      0.00 7.661e-01 2.338e-01 2.759e-05 7.543e-06 6.858e-05 -1.000 1.636e-04 4.493 4.932 4.813 4.614 4.485 4.375 4.132 4.108
0.00015547 -2.00000 9.00000 0.9500000477 2.4618122009    0.949  0.197  3.8457  4.553    1  0.000  0.537     0.00     0.00     0.00     0.00     0.00 -1 -1.07e-13      0.00 7.656e-01 2.342e-01 2.763e-05 7.552e-06 6.866e-05 -1.000 1.637e-04 4.276 4.677 4.568 4.385 4.267 4.166 3.942 3.922
0.00015547 -2.00000 9.00000 0.9686281681 2.4661030243    0.968  0.239  3.8520  4.545    1  0.000  0.537     0.00     0.00     0.00     0.00     0.00 -1 -1.18e-13      0.00 7.659e-01 2.340e-01 2.761e-05 7.547e-06 6.860e-05 -1.000 1.626e-04 4.174 4.555 4.451 4.276 4.164 4.067 3.854 3.836
0.00015547 -2.00000 9.00000 1.0000000000 2.4729154477    1.000  0.307  3.8624  4.533    1  0.000  0.537     0.00     0.00     0.00     0.00     0.00 -1 -1.37e-13      0.00 7.662e-01 2.336e-01 2.758e-05 7.540e-06 6.854e-05 -1.000 1.623e-04 4.004 4.353 4.256 4.095 3.994 3.904 3.709 3.693
0.00015547 -2.00000 9.00000 1.0223207474 2.4774707719    1.022  0.353  3.8709  4.530    1  0.000  0.536     0.00     0.00     0.00     0.00     0.00 -1 -1.47e-13      0.00 7.664e-01 2.334e-01 2.756e-05 7.534e-06 6.849e-05 -1.000 1.636e-04 3.887 4.211 4.120 3.969 3.876 3.793 3.613 3.600
0.00015547 -2.00000 9.00000 1.0499999523 2.4828114860    1.049  0.411  3.8813  4.526    1  0.000  0.536     0.00     0.00     0.00     0.00     0.00 -1  -1.6e-13      0.00 7.667e-01 2.332e-01 2.754e-05 7.528e-06 6.844e-05 -1.000 1.636e-04 3.744 4.037 3.953 3.816 3.733 3.658 3.497 3.486
0.00015547 -2.00000 9.00000 1.0741487741 2.4872133878    1.073  0.459  3.8914  4.528    1  0.000  0.536     0.00     0.00     0.00     0.00     0.00 -1 -1.69e-13      0.00 7.670e-01 2.329e-01 2.751e-05 7.521e-06 6.838e-05 -1.000 1.636e-04 3.624 3.889 3.812 3.687 3.615 3.548 3.404 3.396
0.00015547 -2.00000 9.00000 1.1000000238 2.4916801480    1.099  0.509  3.9021  4.530    1  0.000  0.536     0.00     0.00     0.00     0.00     0.00 -1  -1.8e-13      0.00 7.672e-01 2.326e-01 2.749e-05 7.516e-06 6.833e-05 -1.000 1.637e-04 3.497 3.736 3.665 3.554 3.491 3.433 3.309 3.303
0.00015547 -2.00000 9.00000 1.1195069551 2.4948941054    1.119  0.547  3.9100  4.532    1  0.000  0.536     0.00     0.00     0.00     0.00     0.00 -1 -1.87e-13      0.00 7.675e-01 2.324e-01 2.747e-05 7.510e-06 6.828e-05 -1.000 1.636e-04 3.404 3.624 3.559 3.458 3.403 3.351 3.241 3.237
0.00015547 -2.00000 9.00000 1.1499999762 2.4996678137    1.149  0.604  3.9222  4.535    1  0.000  0.536     0.00     0.00     0.00     0.00     0.00 -1 -1.99e-13      0.00 7.677e-01 2.321e-01 2.745e-05 7.504e-06 6.823e-05 -1.000 1.636e-04 3.261 3.458 3.401 3.316 3.272 3.230 3.142 3.140
0.00015547 -2.00000 9.00000 1.1567277908 2.5006821590    1.156  0.616  3.9248  4.536    1  0.000  0.536     0.00     0.00     0.00     0.00     0.00 -1 -2.02e-13      0.00 7.678e-01 2.321e-01 2.744e-05 7.503e-06 6.822e-05 -1.000 1.637e-04 3.230 3.423 3.368 3.287 3.245 3.205 3.121 3.120
0.00015547 -2.00000 9.00000 1.2000000477 2.5068948796    1.199  0.695  3.9410  4.538    1  0.000  0.536     0.00     0.00     0.00     0.00     0.00 -1 -2.18e-13      0.00 7.681e-01 2.317e-01 2.741e-05 7.495e-06 6.815e-05 -1.000 1.636e-04 3.033 3.214 3.172 3.113 3.085 3.056 2.997 2.998
0.00015547 -2.00000 9.00000 1.2227902412 2.5099643889    1.222  0.735  3.9493  4.539    1  0.000  0.536     0.00     0.00     0.00     0.00     0.00 -1 -2.26e-13      0.00 7.684e-01 2.315e-01 2.739e-05 7.489e-06 6.810e-05 -1.000 1.636e-04 2.932 3.115 3.079 3.030 3.008 2.985 2.936 2.939
0.00015547 -2.00000 9.00000 1.2500000000 2.5134610955    1.250  0.783  3.9591  4.540    1  0.000  0.536     0.00     0.00     0.00     0.00     0.00 -1 -2.35e-13      0.00 7.686e-01 2.312e-01 2.737e-05 7.483e-06 6.804e-05 -1.000 1.636e-04 2.812 3.004 2.974 2.936 2.920 2.902 2.865 2.869
0.00015547 -2.00000 9.00000 1.2999999523 2.5194498592    1.300  0.870  3.9764  4.539    1  0.000  0.536     0.00     0.00     0.00     0.00     0.00 -1 -2.51e-13      0.00 7.690e-01 2.309e-01 2.734e-05 7.476e-06 6.797e-05 -1.000 1.420e-04 2.594 2.816 2.797 2.774 2.766 2.757 2.738 2.744
0.00015547 -2.00000 9.00000 1.3300616741 2.5228023124    1.330  0.923  3.9865  4.537    1  0.000  0.536     0.00     0.00     0.00     0.00     0.00 -1 -2.59e-13      0.00 7.692e-01 2.306e-01 2.732e-05 7.470e-06 6.792e-05 -1.000 1.580e-04 2.462 2.709 2.696 2.681 2.677 2.672 2.662 2.668
0.00015547 -2.00000 9.00000 1.3500000238 2.5249313598    1.350  0.958  3.9932  4.535    1  0.000  0.536     0.00     0.00     0.00     0.00     0.00 -1 -2.65e-13      0.00 7.694e-01 2.305e-01 2.730e-05 7.466e-06 6.789e-05 -1.000 1.636e-04 2.375 2.640 2.631 2.621 2.619 2.617 2.612 2.619
0.00015547 -2.00000 9.00000 1.3684988022 2.5268430176    1.368  0.990  3.9993  4.533    1  0.000  0.536     0.00     0.00     0.00     0.00     0.00 -1 -2.68e-13      0.00 7.695e-01 2.303e-01 2.729e-05 7.463e-06 6.786e-05 -1.000 1.637e-04 2.294 2.579 2.573 2.567 2.567 2.567 2.566 2.573
0.00015547 -2.00000 9.00000 1.3999999762 2.5299650300    1.400  1.045  4.0096  4.529    1  0.000  0.536     0.00     0.00     0.00     0.00     0.00 -1 -2.74e-13      0.00 7.698e-01 2.301e-01 2.727e-05 7.457e-06 6.782e-05 -1.000 1.637e-04 2.157 2.476 2.476 2.477 2.480 2.482 2.488 2.496
0.00015547 -2.00000 9.00000 1.4246202707 2.5322948671    1.425  1.089  4.0175  4.525    1  0.000  0.536     0.00     0.00     0.00     0.00     0.00 -1 -2.76e-13      0.00 7.699e-01 2.299e-01 2.725e-05 7.453e-06 6.778e-05 -1.000 1.637e-04 2.048 2.398 2.402 2.407 2.412 2.417 2.428 2.436
0.00015547 -2.00000 9.00000 1.4500000477 2.5346015836    1.450  1.134  4.0258  4.520    1  0.000  0.536     0.00     0.00     0.00     0.00     0.00 -1 -2.79e-13      0.00 7.701e-01 2.297e-01 2.724e-05 7.449e-06 6.775e-05 -1.000 1.637e-04 1.934 2.317 2.326 2.335 2.342 2.348 2.363 2.372
0.00015547 -2.00000 9.00000 1.4513801336 2.5347243598    1.451  1.137  4.0262  4.520    1  0.000  0.536     0.00     0.00     0.00     0.00     0.00 -1 -2.78e-13      0.00 7.701e-01 2.297e-01 2.724e-05 7.449e-06 6.774e-05 -1.000 1.636e-04 1.928 2.313 2.321 2.331 2.338 2.344 2.360 2.369
0.00015547 -2.00000 9.00000 1.4758640528 2.5368586944    1.476  1.181  4.0341  4.514    1  0.000  0.536     0.00     0.00     0.00     0.00     0.00 -1 -2.76e-13      0.00 7.703e-01 2.296e-01 2.723e-05 7.446e-06 6.772e-05 -1.000 1.636e-04 1.817 2.234 2.247 2.260 2.269 2.277 2.296 2.306
0.00015547 -2.00000 9.00000 1.4982851744 2.5387430070    1.498  1.222  4.0411  4.508    1  0.000  0.536     0.00     0.00     0.00     0.00     0.00 -1 -2.74e-13      0.00 7.704e-01 2.295e-01 2.722e-05 7.444e-06 6.770e-05 -1.000 1.529e-04 1.714 2.162 2.178 2.194 2.204 2.214 2.236 2.246
0.00015547 -2.00000 9.00000 1.5000000000 2.5388844597    1.500  1.225  4.0416  4.507    1  0.000  0.536     0.00     0.00     0.00     0.00     0.00 -1 -2.74e-13      0.00 7.704e-01 2.295e-01 2.722e-05 7.444e-06 6.770e-05 -1.000 1.513e-04 1.706 2.156 2.172 2.189 2.199 2.209 2.232 2.242
0.00015547 -2.00000 9.00000 1.5107637644 2.5397639145    1.511  1.245  4.0448  4.503    1  0.000  0.536     0.00     0.00     0.00     0.00     0.00 -1  -2.7e-13      0.00 7.705e-01 2.294e-01 2.721e-05 7.442e-06 6.768e-05 -1.000 1.477e-04 1.658 2.122 2.139 2.157 2.168 2.178 2.202 2.213
0.00015547 -2.00000 9.00000 1.5365757942 2.5418152767    1.536  1.293  4.0516  4.490    1  0.000  0.536     0.00     0.00     0.00     0.00     0.00 -1 -2.61e-13      0.00 7.706e-01 2.292e-01 2.719e-05 7.438e-06 6.765e-05 -1.000 1.522e-04 1.539 2.033 2.054 2.075 2.086 2.098 2.125 2.136
0.00015547 -2.00000 9.00000 1.5499999523 2.5428511323    1.550  1.317  4.0545  4.481    1  0.000  0.536     0.00     0.00     0.00     0.00     0.00 -1 -2.58e-13      0.00 7.707e-01 2.291e-01 2.719e-05 7.437e-06 6.763e-05 -1.000 1.637e-04 1.476 1.984 2.006 2.028 2.040 2.053 2.081 2.092
0.00015547 -2.00000 9.00000 1.5609369278 2.5436799385    1.561  1.337  4.0567  4.473    1  0.000  0.536     0.00     0.00     0.00     0.00     0.00 -1 -2.48e-13      0.00 7.708e-01 2.290e-01 2.719e-05 7.436e-06 6.762e-05 -1.000 1.637e-04 1.426 1.944 1.967 1.990 2.003 2.015 2.045 2.055
0.00015547 -2.00000 9.00000 1.5839605331 2.5453817309    1.584  1.379  4.0602  4.451    1  0.000  0.536     0.00     0.00     0.00     0.00     0.00 -1 -2.31e-13      0.00 7.709e-01 2.290e-01 2.718e-05 7.434e-06 6.761e-05 -1.000 1.636e-04 1.322 1.855 1.880 1.904 1.917 1.931 1.961 1.972
0.00015547 -2.00000 9.00000 1.6000000238 2.5465340628    1.600  1.409  4.0616  4.431    1  0.000  0.536     0.00     0.00     0.00     0.00     0.00 -1 -2.21e-13      0.00 7.709e-01 2.289e-01 2.717e-05 7.433e-06 6.760e-05 -1.000 1.636e-04 1.248 1.787 1.813 1.838 1.851 1.865 1.896 1.907
0.00015547 -2.00000 9.00000 1.6136956215 2.5474971792    1.613  1.434  4.0622  4.412    1  0.000  0.536     0.00     0.00     0.00     0.00     0.00 -1 -3.59e-18      0.00 7.709e-01 2.289e-01 2.717e-05 7.432e-06 6.760e-05 -1.000 1.636e-04 1.184 1.727 1.753 1.779 1.792 1.806 1.837 1.848
0.00015547 -2.00000 9.00000 1.6332690716 2.5488414528    1.633  1.471  4.0620  4.380    1  0.000  0.536     0.00     0.00     0.00     0.00     0.00 -1 -5.78e-25      0.00 7.709e-01 2.289e-01 2.717e-05 7.432e-06 6.760e-05 -1.000 1.636e-04 1.092 1.633 1.659 1.686 1.699 1.713 1.744 1.754
0.00015547 -2.00000 9.00000 1.6499998569 2.5499614695    1.649  1.503  4.0609  4.348    1  0.000  0.536     0.00     0.00     0.00     0.00     0.00 -1    -1e-30      0.00 7.709e-01 2.289e-01 2.718e-05 7.432e-06 6.761e-05 -1.000 1.637e-04 1.013 1.547 1.574 1.600 1.613 1.627 1.658 1.668
0.00015547 -2.00000 9.00000 1.6505631208 2.5499987222    1.650  1.504  4.0608  4.347    1  0.000  0.536     0.00     0.00     0.00     0.00     0.00 -1    -1e-30      0.00 7.709e-01 2.289e-01 2.718e-05 7.432e-06 6.761e-05 -1.000 1.637e-04 1.010 1.544 1.571 1.597 1.610 1.624 1.655 1.665
0.00015547 -2.00000 9.00000 1.6724647284 2.5514248893    1.672  1.547  4.0571  4.294    1  0.000  0.536     0.00     0.00     0.00     0.00     0.00 -1    -1e-30      0.00 7.709e-01 2.290e-01 2.718e-05 7.433e-06 6.762e-05 -1.000 1.636e-04 0.902 1.417 1.443 1.469 1.481 1.494 1.524 1.533
0.00015547 -2.00000 9.00000 1.6950000525 2.5528481685    1.694  1.594  4.0516  4.231    1  0.000  0.536     0.00     0.00     0.00     0.00     0.00 -1    -1e-30      0.00 7.708e-01 2.290e-01 2.719e-05 7.436e-06 6.763e-05 -1.000 1.637e-04 0.785 1.272 1.298 1.323 1.334 1.347 1.374 1.383
0.00015547 -2.00000 9.00000 1.7000000477 2.5531580802    1.699  1.606  4.0502  4.216    1  0.000  0.536     0.00     0.00     0.00     0.00     0.00 -1    -1e-30      0.00 7.708e-01 2.291e-01 2.719e-05 7.437e-06 6.764e-05 -1.000 1.636e-04 0.756 1.237 1.263 1.287 1.298 1.310 1.337 1.346
0.00015547 -2.00000 9.00000 1.7131979465 2.5539661341    1.712  1.636  4.0465  4.174    1  0.000  0.536     0.00     0.00     0.00     0.00     0.00 -1    -1e-30      0.00 7.707e-01 2.291e-01 2.720e-05 7.438e-06 6.765e-05 -1.000 1.636e-04 0.681 1.143 1.168 1.192 1.202 1.214 1.240 1.247
0.00015547 -2.00000 9.00000 1.7172740698 2.5542128135    1.716  1.646  4.0460  4.163    1  0.000  0.536     0.00     0.00     0.00     0.00     0.00 -1    -1e-30      0.00 7.707e-01 2.291e-01 2.720e-05 7.439e-06 6.766e-05 -1.000 1.637e-04 0.655 1.115 1.141 1.164 1.174 1.186 1.212 1.219
0.00015547 -2.00000 9.00000 1.7205516100 2.5544101896    1.720  1.657  4.0493  4.166    1  0.000  0.536     0.00     0.00     0.00     0.00     0.00 -1    -1e-30      0.00 7.707e-01 2.291e-01 2.720e-05 7.439e-06 6.766e-05 -1.000 1.637e-04 0.627 1.102 1.129 1.153 1.164 1.177 1.204 1.211
0.00015547 -2.00000 9.00000 1.7262816429 2.5547531869    1.725  1.681  4.0595  4.184    1  0.000  0.536     0.00     0.00     0.00     0.00     0.00 -1    -1e-30      0.00 7.707e-01 2.292e-01 2.720e-05 7.440e-06 6.767e-05 -1.000 1.636e-04 0.567 1.091 1.121 1.148 1.161 1.175 1.206 1.214
0.00015547 -2.00000 9.00000 1.7276464701 2.5548344991    1.727  1.697  4.0700  4.211    1  0.000  0.536     0.00     0.00     0.00     0.00     0.00 -1    -1e-30      0.00 7.706e-01 2.292e-01 2.721e-05 7.441e-06 6.768e-05 -1.000 1.636e-04 0.528 1.103 1.136 1.167 1.181 1.196 1.231 1.241
0.00015547 -2.00000 9.00000 1.7282346487 2.5548694955    1.727  1.715  4.0808  4.235    1  0.000  0.536     0.00     0.00     0.00     0.00     0.00 -1    -1e-30      0.00 7.706e-01 2.292e-01 2.721e-05 7.441e-06 6.768e-05 -1.000 1.637e-04 0.481 1.110 1.146 1.179 1.195 1.212 1.250 1.261
0.00015547 -2.00000 9.00000 1.7285594940 2.5548888119    1.728  1.738  4.0904  4.252    1  0.000  0.536     0.00     0.00     0.00     0.00     0.00 -1    -1e-30      0.00 7.706e-01 2.292e-01 2.721e-05 7.441e-06 6.768e-05 -1.000 1.636e-04 0.426 1.103 1.141 1.177 1.194 1.212 1.254 1.266
0.00015547 -2.00000 9.00000 1.7286115885 2.5548919088    1.728  1.742  4.0919  4.254    1  0.000  0.536     0.00     0.00     0.00     0.00     0.00 -1    -1e-30      0.00 7.706e-01 2.292e-01 2.721e-05 7.442e-06 6.768e-05 -1.000 1.636e-04 0.416 1.101 1.139 1.176 1.193 1.211 1.254 1.266
0.00015547 -2.00000 9.00000 1.7286696434 2.5548953598    1.728  1.737  4.0887  4.245    1  0.000  0.536     0.00     0.00     0.00     0.00     0.00 -1    -1e-30      0.00 7.706e-01 2.292e-01 2.721e-05 7.442e-06 6.768e-05 -1.000 1.636e-04 0.428 1.096 1.133 1.169 1.185 1.204 1.245 1.257
0.00015547 -2.00000 9.00000 1.7287799120 2.5549019139    1.728  1.730  4.0809  4.221    2  0.000  0.536     0.00     0.00     0.00     0.00     0.00 -1    -1e-30      0.00 7.706e-01 2.292e-01 2.721e-05 7.442e-06 6.768e-05 -1.000 1.637e-04 0.444 1.073 1.109 1.143 1.158 1.175 1.214 1.225
0.00015547 -2.00000 9.00000 1.7289237976 2.5549104647    1.728  1.742  4.0710  4.169    2  0.000  0.536     0.00     0.00     0.00     0.00     0.00 -1    -1e-30      0.00 7.706e-01 2.292e-01 2.721e-05 7.442e-06 6.768e-05 -1.000 1.636e-04 0.415 0.993 1.027 1.058 1.073 1.088 1.123 1.133
0.00015547 -2.00000 9.00000 1.7291420698 2.5549234329    1.728  1.764  4.0607  4.107    2  0.000  0.536     0.00     0.00     0.00     0.00     0.00 -1    -1e-30      0.00 7.706e-01 2.292e-01 2.721e-05 7.442e-06 6.769e-05 -1.000 1.636e-04 0.361 0.888 0.920 0.949 0.961 0.975 1.007 1.015
0.00015547 -2.00000 9.00000 1.7294627428 2.5549424782    1.728  1.781  4.0500  4.046    2  0.000  0.536     0.00     0.00     0.00     0.00     0.00 -1    -1e-30      0.00 7.706e-01 2.292e-01 2.721e-05 7.442e-06 6.769e-05 -1.000 1.636e-04 0.317 0.792 0.822 0.848 0.859 0.872 0.899 0.906
0.00015547 -2.00000 9.00000 1.7298977375 2.5549683004    1.729  1.794  4.0391  3.991    2  0.000  0.536     0.00     0.00     0.00     0.00     0.00 -1    -1e-30      0.00 7.706e-01 2.293e-01 2.721e-05 7.442e-06 6.769e-05 -1.000 1.636e-04 0.286 0.710 0.736 0.759 0.769 0.780 0.803 0.809
0.00015547 -2.00000 9.00000 1.7304416895 2.5550005694    1.729  1.803  4.0279  3.936    2  0.000  0.536     0.00     0.00     0.00     0.00     0.00 -1    -1e-30      0.00 7.706e-01 2.293e-01 2.721e-05 7.443e-06 6.769e-05 -1.000 1.637e-04 0.261 0.633 0.657 0.677 0.684 0.693 0.712 0.716
0.00015547 -2.00000 9.00000 1.7310460806 2.5550363966    1.730  1.812  4.0163  3.881    2  0.000  0.536     0.00     0.00     0.00     0.00     0.00 -1    -1e-30      0.00 7.705e-01 2.293e-01 2.721e-05 7.443e-06 6.770e-05 -1.000 1.636e-04 0.240 0.561 0.581 0.596 0.602 0.608 0.622 0.625
0.00015547 -2.00000 9.00000 1.7316448689 2.5550718633    1.731  1.820  4.0043  3.826    2  0.000  0.536     0.00     0.00     0.00     0.00     0.00 -1    -1e-30      0.00 7.705e-01 2.293e-01 2.721e-05 7.443e-06 6.770e-05 -1.000 1.637e-04 0.221 0.492 0.508 0.519 0.522 0.526 0.535 0.535
0.00015547 -2.00000 9.00000 1.7321920395 2.5551042479    1.731  1.826  3.9920  3.770    2  0.000  0.536     0.00     0.00     0.00     0.00     0.00 -1    -1e-30      0.00 7.705e-01 2.293e-01 2.722e-05 7.444e-06 6.770e-05 -1.000 1.636e-04 0.205 0.428 0.440 0.446 0.446 0.447 0.449 0.448
0.00015547 -2.00000 9.00000 1.7326716185 2.5551326128    1.732  1.831  3.9797  3.716    2  0.000  0.536     0.00     0.00     0.00     0.00     0.00 -1    -1e-30      0.00 7.705e-01 2.293e-01 2.722e-05 7.444e-06 6.770e-05 -1.000 1.637e-04 0.191 0.372 0.378 0.378 0.375 0.374 0.368 0.365
0.00015547 -2.00000 9.00000 1.7330855131 2.5551570782    1.732  1.836  3.9672  3.662    2  0.000  0.536     0.00     0.00     0.00     0.00     0.00 -1    -1e-30      0.00 7.705e-01 2.293e-01 2.722e-05 7.444e-06 6.771e-05 -1.000 1.637e-04 0.180 0.324 0.325 0.318 0.311 0.306 0.292 0.287
0.00015547 -2.00000 9.00000 1.7334431410 2.5551782069    1.732  1.839  3.9548  3.608    2  0.000  0.536     0.00     0.00     0.00     0.00     0.00 -1    -1e-30      0.00 7.705e-01 2.293e-01 2.722e-05 7.444e-06 6.771e-05 -1.000 1.637e-04 0.172 0.286 0.280 0.265 0.254 0.244 0.220 0.214
0.00015547 -2.00000 9.00000 1.7337548733 2.5551966159    1.733  1.842  3.9423  3.556    2  0.000  0.536     0.00     0.00     0.00     0.00     0.00 -1    -1e-30      0.00 7.705e-01 2.294e-01 2.722e-05 7.445e-06 6.771e-05 -1.000 1.636e-04 0.165 0.257 0.244 0.221 0.205 0.189 0.153 0.145
0.00015547 -2.00000 9.00000 1.7340284586 2.5552127659    1.733  1.844  3.9299  3.504    2  0.000  0.536     0.00     0.00     0.00     0.00     0.00 -1    -1e-30      0.00 7.705e-01 2.294e-01 2.722e-05 7.445e-06 6.771e-05 -1.000 1.636e-04 0.160 0.238 0.219 0.185 0.162 0.141 0.090 0.081
0.00015547 -2.00000 9.00000 1.7342718840 2.5552271305    1.733  1.845  3.9175  3.453    2  0.000  0.536     0.00     0.00     0.00     0.00     0.00 -1    -1e-30      0.00 7.705e-01 2.294e-01 2.722e-05 7.445e-06 6.771e-05 -1.000 1.636e-04 0.157 0.236 0.208 0.161 0.130 0.101 0.033 0.023
0.00015547 -2.00000 9.00000 1.7344906330 2.5552400351    1.733  1.846  3.9051  3.403    2  0.000  0.536     0.00     0.00     0.00     0.00     0.00 -1    -1e-30      0.00 7.705e-01 2.294e-01 2.722e-05 7.445e-06 6.771e-05 -1.000 1.636e-04 0.154 0.246 0.208 0.145 0.104 0.066 -0.020 -0.032
0.00015547 -2.00000 9.00000 1.7346886396 2.5552517128    1.734  1.847  3.8928  3.353    2  0.000  0.536     0.00     0.00     0.00     0.00     0.00 -1    -1e-30      0.00 7.705e-01 2.294e-01 2.722e-05 7.445e-06 6.772e-05 -1.000 1.636e-04 0.153 0.267 0.219 0.137 0.085 0.038 -0.068 -0.082
0.00015547 -2.00000 9.00000 1.7348693609 2.5552623684    1.734  1.847  3.8805  3.304    2  0.000  0.536     0.00     0.00     0.00     0.00     0.00 -1    -1e-30      0.00 7.705e-01 2.294e-01 2.722e-05 7.445e-06 6.772e-05 -1.000 1.636e-04 0.153 0.300 0.240 0.139 0.076 0.018 -0.110 -0.126
0.00015547 -2.00000 9.00000 1.7350350618 2.5552721361    1.734  1.846  3.8682  3.255    2  0.000  0.536     0.00     0.00     0.00     0.00     0.00 -1    -1e-30      0.00 7.704e-01 2.294e-01 2.722e-05 7.445e-06 6.772e-05 -1.000 1.636e-04 0.154 0.338 0.268 0.148 0.072 0.004 -0.147 -0.165
0.00015547 -2.00000 9.00000 1.7351876497 2.5552811290    1.734  1.846  3.8559  3.207    2  0.000  0.536     0.00     0.00     0.00     0.00     0.00 -1    -1e-30      0.00 7.704e-01 2.294e-01 2.722e-05 7.446e-06 6.772e-05 -1.000 1.637e-04 0.156 0.380 0.299 0.162 0.073 -0.006 -0.180 -0.200
0.00015547 -2.00000 9.00000 1.7353291512 2.5552894668    1.734  1.845  3.8436  3.159    2  0.000  0.536     0.00     0.00     0.00     0.00     0.00 -1    -1e-30      0.00 7.704e-01 2.294e-01 2.722e-05 7.446e-06 6.772e-05 -1.000 1.637e-04 0.158 0.426 0.334 0.179 0.078 -0.011 -0.209 -0.231
0.00015547 -2.00000 9.00000 1.7354611158 2.5552972413    1.734  1.843  3.8314  3.112    2  0.000  0.536     0.00     0.00     0.00     0.00     0.00 -1    -1e-30      0.00 7.704e-01 2.294e-01 2.722e-05 7.446e-06 6.772e-05 -1.000 1.637e-04 0.162 0.474 0.372 0.199 0.084 -0.014 -0.235 -0.260
0.00015547 -2.00000 9.00000 1.7355855703 2.5553045720    1.735  1.842  3.8194  3.065    2  0.000  0.536     0.00     0.00     0.00     0.00     0.00 -1    -1e-30      0.00 7.704e-01 2.294e-01 2.722e-05 7.446e-06 6.772e-05 -1.000 1.636e-04 0.166 0.526 0.412 0.221 0.094 -0.014 -0.257 -0.284
0.00015547 -2.00000 9.00000 1.7357101440 2.5553119086    1.735  1.839  3.8075  3.020    2  0.000  0.536     0.00     0.00     0.00     0.00     0.00 -1    -1e-30      0.00 7.704e-01 2.294e-01 2.722e-05 7.446e-06 6.772e-05 -1.000 1.637e-04 0.172 0.582 0.455 0.246 0.106 -0.012 -0.276 -0.306
0.00015547 -2.00000 9.00000 1.7358524799 2.5553202898    1.735  1.836  3.7955  2.975    2  0.000  0.536     0.00     0.00     0.00     0.00     0.00 -1    -1e-30      0.00 7.704e-01 2.294e-01 2.722e-05 7.446e-06 6.772e-05 -1.000 1.636e-04 0.180 0.645 0.505 0.276 0.123 -0.004 -0.290 -0.323
0.00015547 -2.00000 9.00000 1.7360371351 2.5553311606    1.735  1.830  3.7833  2.932    2  0.000  0.536     0.00     0.00     0.00     0.00     0.00 -1    -1e-30      0.00 7.704e-01 2.294e-01 2.722e-05 7.446e-06 6.772e-05 -1.000 1.636e-04 0.195 0.718 0.563 0.314 0.147 0.010 -0.297 -0.334
0.00015547 -2.00000 9.00000 1.7362747192 2.5553451433    1.735  1.819  3.7712  2.895    2  0.000  0.536     0.00     0.00     0.00     0.00     0.00 -1    -1e-30      0.00 7.698e-01 2.301e-01 2.729e-05 7.464e-06 6.788e-05 -1.000 1.637e-04 0.222 0.806 0.635 0.365 0.184 0.038 -0.291 -0.331
0.00015547 -2.00000 9.00000 1.7365622520 2.5553620599    1.735  1.801  3.7598  2.867    2  0.000  0.536     0.00     0.00     0.00     0.00     0.00 -1    -1e-30      0.00 7.649e-01 2.349e-01 2.775e-05 7.586e-06 6.897e-05 -1.000 1.637e-04 0.267 0.909 0.722 0.432 0.239 0.084 -0.265 -0.308
0.00015547 -2.00000 9.00000 1.7367099524 2.5553707471    1.736  1.791  3.7548  2.857    2  0.000  0.537     0.00     0.00     0.00     0.00     0.00 -1    -1e-30      0.00 7.607e-01 2.391e-01 2.814e-05 7.690e-06 6.989e-05 -1.000 1.637e-04 0.291 0.961 0.766 0.468 0.269 0.110 -0.248 -0.293
0.00015547 -2.00000 9.00000 1.7367670536 2.5553741051    1.736  1.789  3.7532  2.853    3  0.000  0.537     0.00     0.00     0.00     0.00     0.00 -1    -1e-30      0.00 7.595e-01 2.403e-01 2.825e-05 7.717e-06 7.014e-05 -1.000 1.637e-04 0.297 0.976 0.778 0.477 0.276 0.116 -0.245 -0.290
0.00015547 -2.00000 9.00000 1.7370519638 2.5553908565    1.736  1.793  3.7470  2.825    3  0.000  0.537     0.00     0.00     0.00     0.00     0.00 -1    -1e-30      0.00 7.564e-01 2.434e-01 2.850e-05 7.788e-06 7.076e-05 -1.000 1.637e-04 0.287 0.999 0.793 0.480 0.272 0.107 -0.264 -0.311
0.00015547 -2.00000 9.00000 1.7374484539 2.5554141577    1.736  1.810  3.7402  2.781    3  0.000  0.536     0.00     0.00     0.00     0.00     0.00 -1    -1e-30      0.00 7.536e-01 2.463e-01 2.867e-05 7.883e-06 7.131e-05 -1.000 1.636e-04 0.246 0.996 0.779 0.453 0.238 0.068 -0.316 -0.365
0.00015547 -2.00000 9.00000 1.7378423214 2.5554372927    1.737  1.842  3.7367  2.735    3  0.000  0.526     0.00     0.00     0.00     0.00     0.00 -1    -1e-30      0.00 7.520e-01 2.478e-01 2.821e-05 8.276e-06 7.147e-05 -1.000 1.636e-04 0.166 0.936 0.713 0.381 0.162 -0.011 -0.401 -0.451
0.00015547 -2.00000 9.00000 1.7382333279 2.5554602477    1.737  1.874  3.7342  2.692    3  0.000  0.487     0.00     0.00     0.00     0.00     0.00 -1    -1e-30      0.00 7.503e-01 2.495e-01 2.610e-05 1.051e-05 7.155e-05 -1.000 1.636e-04 0.084 0.868 0.641 0.305 0.082 -0.092 -0.486 -0.537
0.00015547 -2.00000 9.00000 1.7386218309 2.5554830440    1.738  1.907  3.7321  2.652    3  0.000  0.445     0.00     0.00     0.00     0.00     0.00 -1    -1e-30      0.00 7.484e-01 2.514e-01 2.383e-05 1.313e-05 7.161e-05 -1.000 1.636e-04 0.003 0.798 0.567 0.228 0.003 -0.172 -0.570 -0.621
0.00015547 -2.00000 9.00000 1.7390625477 2.5555088899    1.738  1.944  3.7302  2.607    3  0.000  0.398     0.00     0.00     0.00     0.00     0.00 -1    -1e-30      0.00 7.461e-01 2.538e-01 2.132e-05 1.620e-05 7.166e-05 -1.000 1.637e-04 -0.090 0.716 0.483 0.140 -0.087 -0.264 -0.664 -0.716
0.00015547 -2.00000 9.00000 1.7394452095 2.5555313189    1.738  1.976  3.7286  2.569    3  0.000  0.371     0.00     0.00     0.00     0.00     0.00 -1    -1e-30      0.00 7.439e-01 2.559e-01 1.990e-05 1.798e-05 7.169e-05 -1.000 1.637e-04 -0.169 0.646 0.410 0.064 -0.164 -0.342 -0.745 -0.798
0.00015547 -2.00000 9.00000 1.7395043373 2.5555347835    1.738  1.980  3.7284  2.564    3  0.000  0.368     0.00     0.00     0.00     0.00     0.00 -1    -1e-30      0.00 7.436e-01 2.563e-01 1.975e-05 1.817e-05 7.169e-05 -1.000 1.637e-04 -0.181 0.635 0.399 0.053 -0.175 -0.354 -0.757 -0.810
0.00015547 -2.00000 9.00000 1.7396223545 2.5555416980    1.739  1.990  3.7280  2.552    3  0.000  0.362     0.00     0.00     0.00     0.00     0.00 -1    -1e-30      0.00 7.429e-01 2.570e-01 1.944e-05 1.856e-05 7.169e-05 -1.000 1.637e-04 -0.205 0.614 0.377 0.030 -0.199 -0.377 -0.781 -0.834
0.00015547 -2.00000 9.00000 1.7397458553 2.5555489327    1.739  2.000  3.7276  2.541    3  0.000  0.357     0.00     0.00     0.00     0.00     0.00 -1    -1e-30      0.00 7.422e-01 2.577e-01 1.917e-05 1.890e-05 7.169e-05 -1.000 1.637e-04 -0.230 0.591 0.353 0.006 -0.223 -0.402 -0.807 -0.860
0.00015547 -2.00000 9.00000 1.7401765585 2.5555741540    1.739  2.034  3.7261  2.500    3  0.000  0.342     0.00     0.00     0.00     0.00     0.00 -1    -1e-30      0.00 7.398e-01 2.601e-01 1.836e-05 1.992e-05 7.166e-05 -1.000 1.636e-04 -0.316 0.513 0.273 -0.077 -0.307 -0.487 -0.894 -0.948
0.00015547 -2.00000 9.00000 1.7407141924 2.5556056168    1.740  2.076  3.7243  2.451    3  0.000  0.329     0.00     0.00     0.00     0.00     0.00 -1    -1e-30      0.00 7.371e-01 2.627e-01 1.765e-05 2.081e-05 7.158e-05 -1.000 1.636e-04 -0.421 0.418 0.175 -0.178 -0.411 -0.592 -1.002 -1.056
0.00015547 -2.00000 9.00000 1.7412678003 2.5556379910    1.740  2.119  3.7225  2.402    3  0.000  0.321     0.00     0.00     0.00     0.00     0.00 -1    -1e-30      0.00 7.349e-01 2.649e-01 1.719e-05 2.142e-05 7.147e-05 -1.000 1.636e-04 -0.527 0.322 0.076 -0.280 -0.515 -0.697 -1.111 -1.165
0.00015547 -2.00000 9.00000 1.7417305708 2.5556650351    1.741  2.154  3.7211  2.361    3  0.000  0.316     0.00     0.00     0.00     0.00     0.00 -1    -1e-30      0.00 7.333e-01 2.665e-01 1.693e-05 2.180e-05 7.136e-05 -1.000 1.637e-04 -0.614 0.244 -0.005 -0.364 -0.601 -0.784 -1.200 -1.255
0.00015547 -2.00000 9.00000 1.7421737909 2.5556909212    1.741  2.187  3.7197  2.323    3  0.000  0.314     0.00     0.00     0.00     0.00     0.00 -1    -1e-30      0.00 7.320e-01 2.678e-01 1.675e-05 2.218e-05 7.117e-05 -1.000 1.637e-04 -0.697 0.170 -0.082 -0.444 -0.682 -0.866 -1.284 -1.339
0.00015547 -2.00000 9.00000 1.7427017689 2.5557217377    1.742  2.226  3.7181  2.278    3  0.000  0.312     0.00     0.00     0.00     0.00     0.00 -1    -1e-30      0.00 7.308e-01 2.691e-01 1.659e-05 2.263e-05 7.088e-05 -1.000 1.637e-04 -0.794 0.083 -0.172 -0.537 -0.777 -0.962 -1.383 -1.439
0.00015547 -2.00000 9.00000 1.7431209087 2.5557461864    1.742  2.256  3.7168  2.242    3  0.000  0.311     0.00     0.00     0.00     0.00     0.00 -1    -1e-30      0.00 7.300e-01 2.699e-01 1.650e-05 2.297e-05 7.063e-05 -1.000 1.637e-04 -0.871 0.014 -0.243 -0.610 -0.852 -1.038 -1.461 -1.517
0.00015547 -2.00000 9.00000 1.7435441017 2.5557708578    1.742  2.287  3.7155  2.206    3  0.000  0.311     0.00     0.00     0.00     0.00     0.00 -1    -1e-30      0.00 7.293e-01 2.705e-01 1.644e-05 2.321e-05 7.044e-05 -1.000 1.637e-04 -0.948 -0.054 -0.313 -0.684 -0.927 -1.114 -1.540 -1.596
0.00015547 -2.00000 9.00000 1.7440181971 2.5557984803    1.743  2.320  3.7140  2.168    3  0.000  0.310     0.00     0.00     0.00     0.00     0.00 -1    -1e-30      0.00 7.287e-01 2.711e-01 1.639e-05 2.343e-05 7.027e-05 -1.000 1.636e-04 -1.029 -0.125 -0.388 -0.762 -1.007 -1.195 -1.623 -1.680
0.00015547 -2.00000 9.00000 1.7440913916 2.5558027434    1.743  2.324  3.7138  2.162    3  0.000  0.310     0.00     0.00     0.00     0.00     0.00 -1    -1e-30      0.00 7.287e-01 2.712e-01 1.638e-05 2.346e-05 7.024e-05 -1.000 1.636e-04 -1.041 -0.136 -0.399 -0.773 -1.018 -1.206 -1.635 -1.692
0.00015547 -2.00000 9.00000 1.7442321777 2.5558109420    1.743  2.105  3.7244  2.424    4  0.000  0.310     0.00     0.00     0.00     0.00     0.00 -1    -1e-30      0.00 7.287e-01 2.712e-01 1.638e-05 2.346e-05 7.024e-05 -1.000 1.636e-04 -0.492 0.346 0.103 -0.249 -0.482 -0.663 -1.073 -1.127
0.00015547 -2.00000 9.00000 1.7442528009 2.5558121428    1.743  2.096  3.7249  2.435    4  0.000  0.310     0.00     0.00     0.00     0.00     0.00 -1    -1e-30      0.00 7.287e-01 2.712e-01 1.638e-05 2.346e-05 7.024e-05 -1.000 1.636e-04 -0.469 0.366 0.124 -0.228 -0.460 -0.640 -1.050 -1.103
0.00015547 -2.00000 9.00000 1.7442623377 2.5558126981    1.743  2.091  3.7251  2.441    4  0.000  0.310     0.00     0.00     0.00     0.00     0.00 -1    -1e-30      0.00 7.287e-01 2.712e-01 1.638e-05 2.346e-05 7.024e-05 -1.000 1.636e-04 -0.458 0.375 0.134 -0.217 -0.449 -0.629 -1.038 -1.092
0.00015547 -2.00000 9.00000 1.7442747355 2.5558134200    1.743  2.086  3.7254  2.447    4  0.000  0.310     0.00     0.00     0.00     0.00     0.00 -1    -1e-30      0.00 7.287e-01 2.712e-01 1.638e-05 2.346e-05 7.024e-05 -1.000 1.636e-04 -0.444 0.388 0.147 -0.204 -0.436 -0.616 -1.024 -1.077
0.00015547 -2.00000 9.00000 1.7442891598 2.5558142599    1.743  2.080  3.7257  2.455    4  0.000  0.310     0.00     0.00     0.00     0.00     0.00 -1    -1e-30      0.00 7.287e-01 2.712e-01 1.638e-05 2.346e-05 7.024e-05 -1.000 1.636e-04 -0.429 0.401 0.161 -0.189 -0.421 -0.600 -1.008 -1.062
0.00015547 -2.00000 9.00000 1.7443054914 2.5558152108    1.743  2.073  3.7261  2.463    4  0.000  0.310     0.00     0.00     0.00     0.00     0.00 -1    -1e-30      0.00 7.287e-01 2.712e-01 1.638e-05 2.346e-05 7.024e-05 -1.000 1.636e-04 -0.412 0.416 0.176 -0.174 -0.404 -0.584 -0.991 -1.045
0.00015547 -2.00000 9.00000 1.7443261147 2.5558164115    1.743  2.064  3.7265  2.473    4  0.000  0.310     0.00     0.00     0.00     0.00     0.00 -1    -1e-30      0.00 7.287e-01 2.712e-01 1.638e-05 2.346e-05 7.024e-05 -1.000 1.637e-04 -0.390 0.435 0.196 -0.153 -0.383 -0.562 -0.969 -1.022
0.00015547 -2.00000 9.00000 1.7443511486 2.5558178690    1.743  2.055  3.7270  2.484    4  0.000  0.310     0.00     0.00     0.00     0.00     0.00 -1    -1e-30      0.00 7.287e-01 2.712e-01 1.638e-05 2.346e-05 7.024e-05 -1.000 1.636e-04 -0.367 0.456 0.217 -0.130 -0.360 -0.539 -0.945 -0.998
0.00015547 -2.00000 9.00000 1.7443823814 2.5558196873    1.743  2.044  3.7275  2.498    4  0.000  0.310     0.00     0.00     0.00     0.00     0.00 -1    -1e-30      0.00 7.287e-01 2.712e-01 1.638e-05 2.346e-05 7.024e-05 -1.000 1.636e-04 -0.339 0.481 0.243 -0.103 -0.333 -0.511 -0.916 -0.969
0.00015547 -2.00000 9.00000 1.7444276810 2.5558223245    1.743  2.031  3.7281  2.513    4  0.000  0.310     0.00     0.00     0.00     0.00     0.00 -1    -1e-30      0.00 7.287e-01 2.712e-01 1.638e-05 2.346e-05 7.024e-05 -1.000 1.636e-04 -0.306 0.509 0.273 -0.072 -0.301 -0.479 -0.883 -0.935
0.00015547 -2.00000 9.00000 1.7445136309 2.5558273277    1.743  2.013  3.7290  2.535    4  0.000  0.310     0.00     0.00     0.00     0.00     0.00 -1    -1e-30      0.00 7.287e-01 2.712e-01 1.638e-05 2.346e-05 7.024e-05 -1.000 1.636e-04 -0.262 0.549 0.314 -0.030 -0.257 -0.435 -0.837 -0.889
0.00015547 -2.00000 9.00000 1.7446939945 2.5558378250    1.744  1.983  3.7306  2.570    4  0.000  0.310     0.00     0.00     0.00     0.00     0.00 -1    -1e-30      0.00 7.287e-01 2.712e-01 1.638e-05 2.346e-05 7.024e-05 -1.000 1.636e-04 -0.188 0.614 0.382 0.040 -0.186 -0.362 -0.762 -0.814
0.00015547 -2.00000 9.00000 1.7454240322 2.5558802881    1.744  1.921  3.7343  2.647    4  0.000  0.310     0.00     0.00     0.00     0.00     0.00 -1    -1e-30      0.00 7.287e-01 2.712e-01 1.638e-05 2.347e-05 7.024e-05 -1.000 1.636e-04 -0.033 0.749 0.522 0.187 -0.035 -0.209 -0.602 -0.653
0.00015547 -2.00000 9.00000 1.7465145588 2.5559436432    1.745  1.900  3.7367  2.679    4  0.000  0.310     0.00     0.00     0.00     0.00     0.00 -1    -1e-30      0.00 7.287e-01 2.711e-01 1.637e-05 2.348e-05 7.023e-05 -1.000 1.636e-04 0.020 0.788 0.566 0.235 0.016 -0.157 -0.546 -0.596
0.00015547 -2.00000 9.00000 1.7482541800 2.5560445200    1.747  1.870  3.7398  2.721    4  0.000  0.310     0.00     0.00     0.00     0.00     0.00 -1    -1e-30      0.00 7.287e-01 2.711e-01 1.636e-05 2.349e-05 7.023e-05 -1.000 1.637e-04 0.095 0.846 0.628 0.303 0.087 -0.083 -0.467 -0.516
0.00015547 -2.00000 9.00000 1.7487742901 2.5560746352    1.748  1.863  3.7406  2.732    4  0.000  0.310     0.00     0.00     0.00     0.00     0.00 -1    -1e-30      0.00 7.287e-01 2.711e-01 1.636e-05 2.349e-05 7.022e-05 -1.000 1.636e-04 0.113 0.860 0.643 0.319 0.105 -0.065 -0.448 -0.497
0.00015547 -2.00000 9.00000 1.7492485046 2.5561020750    1.748  1.868  3.7405  2.726    4  0.000  0.310     0.00     0.00     0.00     0.00     0.00 -1    -1e-30      0.00 7.288e-01 2.711e-01 1.636e-05 2.350e-05 7.022e-05 -1.000 1.636e-04 0.099 0.846 0.629 0.305 0.091 -0.079 -0.462 -0.511
0.00015547 -2.00000 9.00000 1.7500000000 2.5561455243    1.749  1.871  3.7416  2.728    4  0.000  0.310     0.00     0.00     0.00     0.00     0.00 -1    -1e-30      0.00 7.288e-01 2.711e-01 1.636e-05 2.350e-05 7.022e-05 -1.000 1.637e-04 0.092 0.832 0.617 0.295 0.082 -0.087 -0.468 -0.516
0.00015547 -2.00000 9.00000 1.7535386086 2.5563495411    1.753  1.887  3.7477  2.738    5  0.000  0.310     0.00     0.00     0.00     0.00     0.00 -1    -1e-30      0.00 7.289e-01 2.710e-01 1.635e-05 2.352e-05 7.022e-05 -1.000 1.636e-04 0.053 0.758 0.553 0.243 0.036 -0.128 -0.497 -0.544
0.00015547 -2.00000 9.00000 1.7569609880 2.5565459581    1.756  1.926  3.7586  2.743    5  0.000  0.309     0.00     0.00     0.00     0.00     0.00 -1    -1e-30      0.00 7.290e-01 2.709e-01 1.633e-05 2.353e-05 7.022e-05 -1.000 1.637e-04 -0.045 0.598 0.410 0.120 -0.074 -0.229 -0.580 -0.623
0.00015547 -2.00000 9.00000 1.7591651678 2.5566719950    1.758  1.952  3.7683  2.756    5  0.000  0.309     0.00     0.00     0.00     0.00     0.00 -1    -1e-30      0.00 7.290e-01 2.708e-01 1.633e-05 2.354e-05 7.022e-05 -1.000 1.636e-04 -0.111 0.480 0.306 0.033 -0.150 -0.298 -0.631 -0.672
0.00015547 -2.00000 9.00000 1.7612400055 2.5567903046    1.760  1.974  3.7799  2.781    5  0.000  0.309     0.00     0.00     0.00     0.00     0.00 -1    -1e-30      0.00 7.291e-01 2.707e-01 1.632e-05 2.354e-05 7.022e-05 -1.000 1.636e-04 -0.164 0.366 0.209 -0.045 -0.214 -0.353 -0.665 -0.702
0.00015547 -2.00000 9.00000 1.7630261183 2.5568918943    1.762  1.989  3.7942  2.823    5  0.000  0.309     0.00     0.00     0.00     0.00     0.00 -1    -1e-30      0.00 7.292e-01 2.707e-01 1.631e-05 2.355e-05 7.022e-05 -1.000 1.636e-04 -0.203 0.257 0.117 -0.113 -0.266 -0.393 -0.679 -0.713
0.00015547 -2.00000 9.00000 1.7645671368 2.5569793536    1.763  2.001  3.8092  2.872    5  0.000  0.309     0.00     0.00     0.00     0.00     0.00 -1    -1e-30      0.00 7.292e-01 2.706e-01 1.631e-05 2.355e-05 7.022e-05 -1.000 1.636e-04 -0.233 0.155 0.033 -0.171 -0.307 -0.422 -0.681 -0.711
0.00015547 -2.00000 9.00000 1.7657721043 2.5570476183    1.765  2.010  3.8213  2.912    5  0.000  0.309     0.00     0.00     0.00     0.00     0.00 -1    -1e-30      0.00 7.292e-01 2.706e-01 1.630e-05 2.356e-05 7.022e-05 -1.000 1.637e-04 -0.255 0.081 -0.028 -0.213 -0.336 -0.441 -0.677 -0.704
0.00015547 -2.00000 9.00000 1.7667909861 2.5571052572    1.766  2.017  3.8311  2.945    5  0.000  0.309     0.00     0.00     0.00     0.00     0.00 -1    -1e-30      0.00 7.293e-01 2.706e-01 1.630e-05 2.356e-05 7.022e-05 -1.000 1.637e-04 -0.272 0.025 -0.075 -0.245 -0.358 -0.455 -0.672 -0.698
0.00015547 -2.00000 9.00000 1.7678048611 2.5571625371    1.767  2.023  3.8392  2.971    5  0.000  0.309     0.00     0.00     0.00     0.00     0.00 -1    -1e-30      0.00 7.293e-01 2.705e-01 1.630e-05 2.357e-05 7.022e-05 -1.000 1.637e-04 -0.287 -0.022 -0.115 -0.273 -0.376 -0.467 -0.669 -0.692
0.00015547 -2.00000 9.00000 1.7688825130 2.5572233372    1.768  2.029  3.8461  2.992    5  0.000  0.309     0.00     0.00     0.00     0.00     0.00 -1    -1e-30      0.00 7.293e-01 2.705e-01 1.629e-05 2.357e-05 7.022e-05 -1.000 1.636e-04 -0.303 -0.064 -0.150 -0.298 -0.394 -0.479 -0.667 -0.690
0.00015547 -2.00000 9.00000 1.7700370550 2.5572883811    1.769  2.035  3.8515  3.008    5  0.000  0.309     0.00     0.00     0.00     0.00     0.00 -1    -1e-30      0.00 7.294e-01 2.705e-01 1.629e-05 2.357e-05 7.022e-05 -1.000 1.636e-04 -0.319 -0.100 -0.181 -0.320 -0.411 -0.491 -0.669 -0.690
0.00015547 -2.00000 9.00000 1.7712920904 2.5573589758    1.770  2.042  3.8568  3.023    5  0.000  0.309     0.00     0.00     0.00     0.00     0.00 -1    -1e-30      0.00 7.294e-01 2.704e-01 1.628e-05 2.358e-05 7.022e-05 -1.000 1.637e-04 -0.335 -0.136 -0.212 -0.343 -0.428 -0.504 -0.671 -0.692
0.00015547 -2.00000 9.00000 1.7726645470 2.5574360438    1.772  2.049  3.8620  3.037    5  0.000  0.308     0.00     0.00     0.00     0.00     0.00 -1    -1e-30      0.00 7.294e-01 2.704e-01 1.628e-05 2.358e-05 7.022e-05 -1.000 1.636e-04 -0.353 -0.172 -0.244 -0.367 -0.446 -0.517 -0.674 -0.694
0.00015547 -2.00000 9.00000 1.7741132975 2.5575172472    1.773  2.057  3.8670  3.050    5  0.000  0.308     0.00     0.00     0.00     0.00     0.00 -1    -1e-30      0.00 7.295e-01 2.703e-01 1.627e-05 2.359e-05 7.022e-05 -1.000 1.636e-04 -0.371 -0.208 -0.275 -0.390 -0.464 -0.530 -0.678 -0.697
0.00015547 -2.00000 9.00000 1.7759524584 2.5576201139    1.775  2.066  3.8723  3.063    5  0.000  0.308     0.00     0.00     0.00     0.00     0.00 -1    -1e-30      0.00 7.295e-01 2.703e-01 1.627e-05 2.359e-05 7.022e-05 -1.000 1.636e-04 -0.394 -0.249 -0.311 -0.417 -0.485 -0.547 -0.684 -0.703
0.00015547 -2.00000 9.00000 1.7790240049 2.5577913644    1.778  2.081  3.8793  3.076    5  0.000  0.308     0.00     0.00     0.00     0.00     0.00 -1    -1e-30      0.00 7.296e-01 2.702e-01 1.626e-05 2.361e-05 7.023e-05 -1.000 1.636e-04 -0.432 -0.310 -0.365 -0.459 -0.520 -0.575 -0.699 -0.717
0.00015547 -2.00000 9.00000 1.7874677181 2.5582586479    1.786  2.121  3.8928  3.092    5  0.000  0.308     0.00     0.00     0.00     0.00     0.00 -1    -1e-30      0.00 7.299e-01 2.699e-01 1.623e-05 2.363e-05 7.023e-05 -1.000 1.637e-04 -0.534 -0.453 -0.492 -0.562 -0.609 -0.653 -0.752 -0.768
0.00015547 -2.00000 9.00000 1.7949057817 2.5586660920    1.794  2.157  3.9017  3.094    5  0.000  0.307     0.00     0.00     0.00     0.00     0.00 -1    -1e-30      0.00 7.301e-01 2.697e-01 1.620e-05 2.366e-05 7.023e-05 -1.000 1.636e-04 -0.622 -0.560 -0.591 -0.646 -0.685 -0.721 -0.805 -0.821
0.00015547 -2.00000 9.00000 1.7999999523 2.5589429085    1.799  2.181  3.9070  3.092    5  0.000  0.307     0.00     0.00     0.00     0.00     0.00 -1    -1e-30      0.00 7.303e-01 2.696e-01 1.618e-05 2.368e-05 7.023e-05 -1.000 1.638e-04 -0.682 -0.628 -0.653 -0.702 -0.736 -0.768 -0.844 -0.859
0.00015547 -2.00000 9.00000 1.8066576719 2.5593019832    1.806  2.212  3.9134  3.088    5  0.000  0.307     0.00     0.00     0.00     0.00     0.00 -1    -1e-30      0.00 7.305e-01 2.694e-01 1.617e-05 2.368e-05 7.024e-05 -1.000 1.636e-04 -0.760 -0.712 -0.733 -0.773 -0.802 -0.830 -0.895 -0.910
0.00015547 -2.00000 9.00000 1.8166351318 2.5598344408    1.815  2.258  3.9199  3.071    5  0.000  0.306     0.00     0.00     0.00     0.00     0.00 -1    -1e-30      0.00 7.308e-01 2.691e-01 1.615e-05 2.369e-05 7.025e-05 -1.000 1.637e-04 -0.875 -0.833 -0.847 -0.879 -0.904 -0.927 -0.982 -0.997
0.00015547 -2.00000 9.00000 1.8240449429 2.5602255412    1.823  2.293  3.9127  3.009    6  0.000  0.306     0.00     0.00     0.00     0.00     0.00 -1    -1e-30      0.00 7.310e-01 2.688e-01 1.614e-05 2.370e-05 7.026e-05 -1.000 1.636e-04 -0.961 -0.921 -0.939 -0.978 -1.007 -1.034 -1.098 -1.114
0.00015547 -2.00000 9.00000 1.8278969526 2.5604274159    1.827  2.311  3.9047  2.960    6  0.000  0.306     0.00     0.00     0.00     0.00     0.00 -1    -1e-30      0.00 7.311e-01 2.687e-01 1.613e-05 2.370e-05 7.026e-05 -1.000 1.636e-04 -1.007 -0.964 -0.987 -1.034 -1.068 -1.100 -1.176 -1.193
0.00015547 -2.00000 9.00000 1.8287839890 2.5604737649    1.828  2.317  3.9029  2.947    6  0.000  0.306     0.00     0.00     0.00     0.00     0.00 -1    -1e-30      0.00 7.312e-01 2.687e-01 1.613e-05 2.370e-05 7.026e-05 -1.000 1.636e-04 -1.022 -0.977 -1.002 -1.050 -1.086 -1.119 -1.197 -1.215
0.00015547 -2.00000 9.00000 1.8297132254 2.5605222634    1.828  2.320  3.8994  2.930    6  0.000  0.306     0.00     0.00     0.00     0.00     0.00 -1    -1e-30      0.00 7.312e-01 2.687e-01 1.613e-05 2.370e-05 7.026e-05 -1.000 1.636e-04 -1.029 -0.981 -1.009 -1.061 -1.100 -1.135 -1.219 -1.237
0.00015547 -2.00000 9.00000 1.8306521177 2.5605712084    1.829  2.325  3.8924  2.897    6  0.000  0.306     0.00     0.00     0.00     0.00     0.00 -1    -1e-30      0.00 7.312e-01 2.686e-01 1.613e-05 2.370e-05 7.026e-05 -1.000 1.636e-04 -1.042 -0.983 -1.017 -1.079 -1.124 -1.165 -1.260 -1.278
0.00015547 -2.00000 9.00000 1.8313746452 2.5606088349    1.830  2.329  3.8857  2.866    6  0.000  0.306     0.00     0.00     0.00     0.00     0.00 -1    -1e-30      0.00 7.312e-01 2.686e-01 1.613e-05 2.370e-05 7.026e-05 -1.000 1.637e-04 -1.053 -0.978 -1.018 -1.092 -1.142 -1.189 -1.295 -1.314
0.00015547 -2.00000 9.00000 1.8319704533 2.5606398367    1.831  2.333  3.8770  2.828    6  0.000  0.306     0.00     0.00     0.00     0.00     0.00 -1    -1e-30      0.00 7.313e-01 2.686e-01 1.613e-05 2.370e-05 7.026e-05 -1.000 1.637e-04 -1.062 -0.963 -1.012 -1.100 -1.159 -1.212 -1.334 -1.355
0.00015547 -2.00000 9.00000 1.8324046135 2.5606624128    1.831  2.335  3.8683  2.791    6  0.000  0.306     0.00     0.00     0.00     0.00     0.00 -1    -1e-30      0.00 7.313e-01 2.686e-01 1.613e-05 2.370e-05 7.026e-05 -1.000 1.637e-04 -1.068 -0.942 -1.000 -1.102 -1.170 -1.231 -1.369 -1.391
0.00015547 -2.00000 9.00000 1.8326650858 2.5606759513    1.831  2.337  3.8580  2.748    6  0.000  0.306     0.00     0.00     0.00     0.00     0.00 -1    -1e-30      0.00 7.313e-01 2.686e-01 1.613e-05 2.370e-05 7.026e-05 -1.000 1.636e-04 -1.073 -0.911 -0.980 -1.100 -1.179 -1.249 -1.406 -1.429
0.00015547 -2.00000 9.00000 1.8328855038 2.5606874044    1.832  2.339  3.8461  2.698    6  0.000  0.306     0.00     0.00     0.00     0.00     0.00 -1    -1e-30      0.00 7.313e-01 2.686e-01 1.613e-05 2.370e-05 7.026e-05 -1.000 1.637e-04 -1.078 -0.872 -0.952 -1.091 -1.183 -1.264 -1.444 -1.469
0.00015547 -2.00000 9.00000 1.8330711126 2.5606970464    1.832  2.341  3.8334  2.646    6  0.000  0.306     0.00     0.00     0.00     0.00     0.00 -1    -1e-30      0.00 7.313e-01 2.686e-01 1.613e-05 2.370e-05 7.027e-05 -1.000 1.637e-04 -1.082 -0.827 -0.920 -1.079 -1.184 -1.276 -1.481 -1.508
0.00015547 -2.00000 9.00000 1.8332268000 2.5607051323    1.832  2.342  3.8207  2.594    6  0.000  0.306     0.00     0.00     0.00     0.00     0.00 -1    -1e-30      0.00 7.313e-01 2.685e-01 1.613e-05 2.370e-05 7.027e-05 -1.000 1.637e-04 -1.085 -0.778 -0.883 -1.062 -1.181 -1.284 -1.514 -1.543
0.00015547 -2.00000 9.00000 1.8333564997 2.5607118673    1.832  2.343  3.8084  2.544    6  0.000  0.306     0.00     0.00     0.00     0.00     0.00 -1    -1e-30      0.00 7.313e-01 2.685e-01 1.613e-05 2.370e-05 7.027e-05 -1.000 1.637e-04 -1.087 -0.724 -0.843 -1.043 -1.176 -1.289 -1.542 -1.574
0.00015547 -2.00000 9.00000 1.8334641457 2.5607174563    1.832  2.343  3.7972  2.499    6  0.000  0.306     0.00     0.00     0.00     0.00     0.00 -1    -1e-30      0.00 7.313e-01 2.685e-01 1.613e-05 2.370e-05 7.027e-05 -1.000 1.636e-04 -1.087 -0.669 -0.802 -1.021 -1.167 -1.290 -1.565 -1.598
0.00015547 -2.00000 9.00000 1.8335453272 2.5607216707    1.832  2.342  3.7885  2.465    6  0.000  0.306     0.00     0.00     0.00     0.00     0.00 -1    -1e-30      0.00 7.313e-01 2.685e-01 1.613e-05 2.370e-05 7.027e-05 -1.000 1.637e-04 -1.086 -0.623 -0.767 -1.001 -1.158 -1.288 -1.579 -1.615
0.00015547 -2.00000 9.00000 1.8336228132 2.5607256929    1.832  2.341  3.7797  2.430    6  0.000  0.306     0.00     0.00     0.00     0.00     0.00 -1    -1e-30      0.00 7.313e-01 2.685e-01 1.613e-05 2.370e-05 7.027e-05 -1.000 1.637e-04 -1.083 -0.575 -0.730 -0.979 -1.146 -1.283 -1.591 -1.629
0.00015547 -2.00000 9.00000 1.8336865902 2.5607290031    1.832  2.340  3.7717  2.400    6  0.000  0.306     0.00     0.00     0.00     0.00     0.00 -1    -1e-30      0.00 7.313e-01 2.685e-01 1.613e-05 2.370e-05 7.027e-05 -1.000 1.637e-04 -1.079 -0.528 -0.694 -0.957 -1.133 -1.276 -1.599 -1.639
0.00015547 -2.00000 9.00000 1.8337401152 2.5607317811    1.833  2.338  3.7643  2.372    6  0.000  0.306     0.00     0.00     0.00     0.00     0.00 -1    -1e-30      0.00 7.313e-01 2.685e-01 1.613e-05 2.370e-05 7.027e-05 -1.000 1.637e-04 -1.074 -0.482 -0.659 -0.935 -1.120 -1.269 -1.606 -1.648
0.00015547 -2.00000 9.00000 1.8337936401 2.5607345588    1.833  2.332  3.7562  2.346    6  0.000  0.306     0.00     0.00     0.00     0.00     0.00 -1    -1e-30      0.00 7.313e-01 2.685e-01 1.612e-05 2.370e-05 7.027e-05 -1.000 1.637e-04 -1.061 -0.423 -0.612 -0.903 -1.097 -1.252 -1.604 -1.648
0.00015547 -2.00000 9.00000 1.8338510990 2.5607375405    1.833  2.325  3.7485  2.322    6  0.000  0.306     0.00     0.00     0.00     0.00     0.00 -1    -1e-30      0.00 7.313e-01 2.685e-01 1.612e-05 2.370e-05 7.027e-05 -1.000 1.637e-04 -1.043 -0.359 -0.560 -0.865 -1.068 -1.230 -1.595 -1.642
0.00015547 -2.00000 9.00000 1.8339151144 2.5607408622    1.833  2.307  3.7400  2.306    6  0.000  0.306     0.00     0.00     0.00     0.00     0.00 -1    -1e-30      0.00 7.313e-01 2.685e-01 1.612e-05 2.370e-05 7.027e-05 -1.000 1.637e-04 -0.998 -0.265 -0.478 -0.799 -1.012 -1.180 -1.561 -1.610
0.00015547 -2.00000 9.00000 1.8339440823 2.5607423653    1.833  2.295  3.7360  2.302    6  0.000  0.306     0.00     0.00     0.00     0.00     0.00 -1    -1e-30      0.00 7.313e-01 2.685e-01 1.612e-05 2.370e-05 7.027e-05 -1.000 1.637e-04 -0.968 -0.209 -0.430 -0.758 -0.976 -1.148 -1.536 -1.586
0.00015547 -2.00000 9.00000 1.8339531422 2.5607428353    1.833  2.298  3.7344  2.293    6  0.000  0.306     0.00     0.00     0.00     0.00     0.00 -1    -1e-30      0.00 7.313e-01 2.685e-01 1.612e-05 2.370e-05 7.027e-05 -1.000 1.637e-04 -0.975 -0.206 -0.430 -0.761 -0.981 -1.154 -1.545 -1.596
0.00015547 -2.00000 9.00000 1.8340024948 2.5607453959    1.833  2.331  3.7256  2.225    7  0.000  0.306     0.00     0.00     0.00     0.00     0.00 -1    -1e-30      0.00 7.313e-01 2.685e-01 1.612e-05 2.370e-05 7.027e-05 -1.000 1.637e-04 -1.057 -0.234 -0.473 -0.822 -1.052 -1.232 -1.638 -1.692
0.00015547 -2.00000 9.00000 1.8340266943 2.5607466514    1.833  2.356  3.7231  2.189    7  0.000  0.306     0.00     0.00     0.00     0.00     0.00 -1    -1e-30      0.00 7.313e-01 2.685e-01 1.612e-05 2.370e-05 7.027e-05 -1.000 1.636e-04 -1.120 -0.281 -0.525 -0.879 -1.112 -1.293 -1.704 -1.758
0.00015547 -2.00000 9.00000 1.8340462446 2.5607476656    1.833  2.367  3.7223  2.176    7  0.000  0.306     0.00     0.00     0.00     0.00     0.00 -1    -1e-30      0.00 7.313e-01 2.685e-01 1.612e-05 2.370e-05 7.027e-05 -1.000 1.637e-04 -1.147 -0.302 -0.548 -0.903 -1.138 -1.319 -1.732 -1.786
0.00015547 -2.00000 9.00000 1.8341321945 2.5607521243    1.833  2.383  3.7212  2.155    7  0.000  0.306     0.00     0.00     0.00     0.00     0.00 -1    -1e-30      0.00 7.313e-01 2.685e-01 1.612e-05 2.370e-05 7.027e-05 -1.000 1.636e-04 -1.187 -0.335 -0.583 -0.941 -1.176 -1.359 -1.773 -1.828
0.00015547 -2.00000 9.00000 1.8346480131 2.5607788726    1.833  2.399  3.7195  2.132    7  0.000  0.306     0.00     0.00     0.00     0.00     0.00 -1    -1e-30      0.00 7.313e-01 2.685e-01 1.612e-05 2.370e-05 7.027e-05 -1.000 1.637e-04 -1.227 -0.365 -0.616 -0.977 -1.214 -1.398 -1.816 -1.871
0.00015547 -2.00000 9.00000 1.8349195719 2.5607929476    1.834  2.422  3.7176  2.102    7  0.000  0.306     0.00     0.00     0.00     0.00     0.00 -1    -1e-30      0.00 7.313e-01 2.685e-01 1.612e-05 2.370e-05 7.027e-05 -1.000 1.637e-04 -1.285 -0.410 -0.664 -1.029 -1.269 -1.455 -1.875 -1.931
0.00015547 -2.00000 9.00000 1.8351066113 2.5608026391    1.834  2.454  3.7153  2.060    7  0.000  0.306     0.00     0.00     0.00     0.00     0.00 -1    -1e-30      0.00 7.313e-01 2.685e-01 1.612e-05 2.370e-05 7.027e-05 -1.000 1.637e-04 -1.366 -0.474 -0.734 -1.103 -1.346 -1.534 -1.958 -2.015
0.00015547 -2.00000 9.00000 1.8353736401 2.5608164714    1.834  2.503  3.7124  2.000    7  0.000  0.306     3.40     2.67     2.00     1.48     1.20  4    -1e-30      0.00 7.314e-01 2.685e-01 1.612e-05 2.370e-05 7.027e-05 -1.000 1.637e-04 -1.487 -0.574 -0.840 -1.216 -1.463 -1.652 -2.083 -2.140
0.00015547 -2.00000 9.00000 1.8356268406 2.5608295831    1.834  2.545  3.7099  1.949    7  0.000  0.305     3.77     2.94     2.19     1.62     1.32  4    -1e-30      0.00 7.314e-01 2.685e-01 1.612e-05 2.371e-05 7.027e-05 -1.000 1.637e-04 -1.592 -0.661 -0.932 -1.314 -1.564 -1.756 -2.191 -2.249
0.00015547 -2.00000 9.00000 1.8358614445 2.5608417281    1.835  2.586  3.7077  1.899    7  0.000  0.305     4.17     3.21     2.38     1.77     1.44  4    -1e-30      0.00 7.314e-01 2.685e-01 1.609e-05 2.372e-05 7.027e-05 -1.000 1.637e-04 -1.694 -0.746 -1.023 -1.410 -1.663 -1.856 -2.295 -2.355
0.00015547 -2.00000 9.00000 1.8360768557 2.5608528764    1.835  2.627  3.7056  1.849    7  0.000  0.303     4.60     3.51     2.59     1.93     1.57  4    -1e-30      0.00 7.314e-01 2.685e-01 1.600e-05 2.380e-05 7.027e-05 -1.000 1.639e-04 -1.796 -0.831 -1.113 -1.505 -1.761 -1.957 -2.400 -2.460
0.00015547 -2.00000 9.00000 1.8362747431 2.5608631151    1.835  2.667  3.7034  1.800    7  0.000  0.299     5.08     3.84     2.83     2.11     1.71  4    -1e-30      0.00 7.314e-01 2.685e-01 1.581e-05 2.400e-05 7.027e-05 -1.000 1.675e-04 -1.899 -0.915 -1.203 -1.601 -1.860 -2.057 -2.504 -2.565
0.00015547 -2.00000 9.00000 1.8364552259 2.5608724511    1.835  2.708  3.7013  1.751    7  0.000  0.294     5.61     4.20     3.08     2.30     1.87  4    -1e-30      0.00 7.313e-01 2.685e-01 1.555e-05 2.430e-05 7.027e-05 -1.000 1.772e-04 -2.001 -1.000 -1.293 -1.696 -1.958 -2.157 -2.609 -2.670
0.00015547 -2.00000 9.00000 1.8366200924 2.5608809774    1.835  2.750  3.6991  1.701    7  0.000  0.289     6.20     4.60     3.35     2.51     2.04  4    -1e-30      0.00 7.313e-01 2.685e-01 1.530e-05 2.461e-05 7.027e-05 -1.000 1.637e-04 -2.104 -1.085 -1.383 -1.792 -2.057 -2.258 -2.714 -2.776
0.00015547 -2.00000 9.00000 1.8367688656 2.5608886699    1.836  2.791  3.6971  1.651    7  0.000  0.285     6.85     5.03     3.65     2.74     2.23  4    -1e-30      0.00 7.313e-01 2.685e-01 1.509e-05 2.488e-05 7.026e-05 -1.000 1.637e-04 -2.208 -1.170 -1.474 -1.888 -2.156 -2.359 -2.819 -2.881
0.00015547 -2.00000 9.00000 1.8369040489 2.5608956585    1.836  2.833  3.6949  1.601    7  0.000  0.281     7.57     5.51     3.98     2.99     2.43  4    -1e-30      0.00 7.313e-01 2.685e-01 1.491e-05 2.510e-05 7.025e-05 -1.000 1.637e-04 -2.312 -1.254 -1.564 -1.984 -2.255 -2.460 -2.924 -2.987
0.00015547 -2.00000 9.00000 1.8370274305 2.5609020360    1.836  2.874  3.6927  1.551    7  0.000  0.279     8.38     6.03     4.35     3.26     2.66  4    -1e-30      0.00 7.313e-01 2.686e-01 1.476e-05 2.530e-05 7.021e-05 -1.000 1.637e-04 -2.416 -1.338 -1.653 -2.079 -2.354 -2.561 -3.029 -3.094
0.00015547 -2.00000 9.00000 1.8371411562 2.5609079135    1.836  2.916  3.6906  1.500    7  0.000  0.277     9.26     6.61     4.74     3.56     2.90  4    -1e-30      0.00 7.313e-01 2.686e-01 1.465e-05 2.549e-05 7.014e-05 -1.000 1.636e-04 -2.520 -1.422 -1.743 -2.175 -2.453 -2.662 -3.135 -3.200
0.00015547 -2.00000 9.00000 1.8372470140 2.5609133836    1.836  2.958  3.6883  1.449    7  0.000  0.276    10.26     7.24     5.18     3.90     3.17  4    -1e-30      0.00 7.312e-01 2.686e-01 1.455e-05 2.571e-05 7.002e-05 -1.000 1.637e-04 -2.625 -1.503 -1.832 -2.270 -2.552 -2.763 -3.241 -3.307
0.00015547 -2.00000 9.00000 1.8373458385 2.5609184896    1.836  3.000  3.6861  1.398    7  0.000  0.275    11.36     7.94     5.65     4.26     3.47  4    -1e-30      0.00 7.312e-01 2.687e-01 1.446e-05 2.597e-05 6.983e-05 -1.000 1.637e-04 -2.730 -1.585 -1.921 -2.366 -2.651 -2.864 -3.347 -3.414
0.00015547 -2.00000 9.00000 1.8374384642 2.5609232748    1.836  3.042  3.6838  1.347    7  0.000  0.274    12.60     8.72     6.18     4.66     3.80  4    -1e-30      0.00 7.311e-01 2.687e-01 1.440e-05 2.625e-05 6.961e-05 -1.000 1.637e-04 -2.836 -1.658 -2.006 -2.462 -2.752 -2.968 -3.456 -3.524
0.00015547 -2.00000 9.00000 1.8375254869 2.5609277700    1.836  3.085  3.6814  1.295    7  0.000  0.274    13.98     9.58     6.76     5.11     4.16  4    -1e-30      0.00 7.311e-01 2.688e-01 1.434e-05 2.653e-05 6.937e-05 -1.000 1.637e-04 -2.943 -1.727 -2.089 -2.558 -2.854 -3.073 -3.566 -3.635
0.00015547 -2.00000 9.00000 1.8376080990 2.5609320369    1.836  3.128  3.6791  1.242    7  0.000  0.274    15.53    10.53     7.40     5.60     4.57  4    -1e-30      0.00 7.310e-01 2.688e-01 1.429e-05 2.679e-05 6.915e-05 -1.000 1.637e-04 -3.050 -1.794 -2.171 -2.653 -2.955 -3.178 -3.678 -3.747
0.00015547 -2.00000 9.00000 1.8376873732 2.5609361310    1.836  3.172  3.6766  1.189    7  0.000  0.274    17.27    11.60     8.11     6.15     5.01  4    -1e-30      0.00 7.309e-01 2.689e-01 1.425e-05 2.702e-05 6.895e-05 -1.000 1.637e-04 -3.159 -1.856 -2.250 -2.747 -3.056 -3.283 -3.789 -3.860
0.00015547 -2.00000 9.00000 1.8377649784 2.5609401385    1.837  3.215  3.6742  1.135    7  0.000  0.274    19.24    12.78     8.90     6.76     5.51  3    -1e-30      0.00 7.309e-01 2.690e-01 1.421e-05 2.721e-05 6.878e-05 -1.000 1.636e-04 -3.268 -1.914 -2.327 -2.840 -3.157 -3.389 -3.902 -3.974
0.00015547 -2.00000 9.00000 1.8378428221 2.5609441579    1.837  3.260  3.6715  1.081    7  0.000  0.274    21.46    14.11     9.78     7.44     6.07  3    -1e-30      0.00 7.308e-01 2.691e-01 1.418e-05 2.739e-05 6.863e-05 -1.000 1.636e-04 -3.379 -1.966 -2.400 -2.932 -3.258 -3.495 -4.016 -4.089
0.00015547 -2.00000 9.00000 1.8379225731 2.5609482755    1.837  3.303  3.6690  1.027    7  0.000  0.274    23.89    15.54    10.73     8.17     6.67  3    -1e-30      0.00 7.307e-01 2.691e-01 1.415e-05 2.753e-05 6.850e-05 -1.000 1.636e-04 -3.488 -2.014 -2.471 -3.022 -3.357 -3.599 -4.129 -4.202
0.00015547 -2.00000 9.00000 1.8380331993 2.5609539864    1.837  3.360  3.6656  0.956    7  0.000  0.274    27.54    17.67    12.13     9.25     7.55  3    -1e-30      0.00 7.306e-01 2.692e-01 1.413e-05 2.766e-05 6.839e-05 -1.000 1.636e-04 -3.631 -2.062 -2.553 -3.132 -3.483 -3.733 -4.275 -4.351
0.00015547 -2.00000 9.00000 1.8380885124 2.5609568415    1.837  3.396  3.6634  0.911    7  0.000  0.274    30.12    19.16    13.11    10.01     8.17  3    -1e-30      0.00 7.306e-01 2.693e-01 1.412e-05 2.771e-05 6.835e-05 -1.000 1.637e-04 -3.721 -2.083 -2.598 -3.199 -3.560 -3.816 -4.368 -4.444
0.00015547 -2.00000 9.00000 1.8381421566 2.5609596103    1.837  3.442  3.6605  0.854    7  0.000  0.274    33.77    21.25    14.47    11.06     9.03  3    -1e-30      0.00 7.305e-01 2.693e-01 1.411e-05 2.774e-05 6.832e-05 -1.000 1.636e-04 -3.835 -2.100 -2.650 -3.279 -3.656 -3.920 -4.485 -4.563
0.00015547 -2.00000 9.00000 1.8382102251 2.5609631234    1.837  3.496  3.6570  0.786    7  0.000  0.274    38.68    24.02    16.26    12.46    10.18  2    -1e-30      0.00 7.305e-01 2.693e-01 1.411e-05 2.775e-05 6.832e-05 -1.000 1.637e-04 -3.970 -2.121 -2.709 -3.371 -3.767 -4.040 -4.620 -4.701
0.00015547 -2.00000 9.00000 1.8382555246 2.5609654612    1.837  3.567  3.6522  0.696    7  0.000  0.274    46.37    28.29    19.02    14.60    11.93  2    -1e-30      0.00 7.305e-01 2.693e-01 1.411e-05 2.775e-05 6.831e-05 -1.000 1.637e-04 -4.149 -2.176 -2.802 -3.495 -3.911 -4.194 -4.794 -4.877
0.00015547 -2.00000 9.00000 1.8382611275 2.5609657503    1.837  3.590  3.6507  0.668    7  0.000  0.274    49.05    29.77    19.96    15.34    12.54  2    -1e-30      0.00 7.305e-01 2.693e-01 1.411e-05 2.775e-05 6.831e-05 -1.000 1.636e-04 -4.204 -2.192 -2.830 -3.533 -3.956 -4.241 -4.848 -4.932
0.00015547 -2.00000 9.00000 1.8382672071 2.5609660641    1.837  3.619  3.6488  0.630    7  0.000  0.274    52.83    31.83    21.28    16.37    13.38  2    -1e-30      0.00 7.305e-01 2.693e-01 1.411e-05 2.776e-05 6.831e-05 -1.000 1.639e-04 -4.277 -2.214 -2.866 -3.583 -4.014 -4.303 -4.918 -5.003
0.00015547 -2.00000 9.00000 1.8382717371 2.5609662978    1.837  3.636  3.6476  0.609    7  0.604  0.274    55.17    33.10    22.09    17.00    13.90  2    -1e-30      0.00 7.305e-01 2.693e-01 1.410e-05 2.776e-05 6.830e-05 -1.000 1.679e-04 -4.319 -2.226 -2.887 -3.611 -4.047 -4.339 -4.959 -5.045
0.00015547 -2.00000 9.00000 1.8382776976 2.5609666054    1.837  3.650  3.6468  0.592    7  0.603  0.274    57.11    34.15    22.76    17.52    14.33  2    -1e-30      0.00 7.305e-01 2.694e-01 1.410e-05 2.776e-05 6.830e-05 -1.000 1.784e-04 -4.354 -2.237 -2.905 -3.635 -4.075 -4.369 -4.992 -5.079
0.00015547 -2.00000 9.00000 1.8382784128 2.5609666423    1.837  3.650  3.6451  0.585    8  0.603  0.288    57.88    34.56    23.02    17.73    14.50  2 -7.12e-07      0.00 7.305e-01 2.693e-01 1.504e-05 2.777e-05 6.920e-05 -1.000 2.118e-04 -4.354 -2.203 -2.881 -3.618 -4.063 -4.359 -4.989 -5.076
0.00015547 -2.00000 9.00000 1.8382788897 2.5609666669    1.836  3.641  3.6460  0.597    8  0.603  0.290    56.50    33.82    22.55    17.36    14.20  2  -6.9e-07      0.00 7.305e-01 2.693e-01 1.504e-05 2.777e-05 6.920e-05 -1.000 2.118e-04 -4.333 -2.205 -2.876 -3.608 -4.050 -4.344 -4.969 -5.056
0.00015547 -2.00000 9.00000 1.8382791281 2.5609666792    1.835  3.592  3.6493  0.659    8  0.603  0.290    49.90    30.23    20.26    15.57    12.73  2 -5.63e-07      0.00 7.305e-01 2.693e-01 1.504e-05 2.777e-05 6.920e-05 -1.000 2.119e-04 -4.210 -2.170 -2.815 -3.526 -3.953 -4.241 -4.852 -4.937
0.00015547 -2.00000 9.00000 1.8382802010 2.5609667346    1.834  3.389  3.6629  0.916    8  0.603  0.290    29.80    18.98    12.99     9.91     8.10  3 -2.56e-07      0.00 7.305e-01 2.693e-01 1.504e-05 2.777e-05 6.920e-05 -1.000 2.119e-04 -3.702 -2.053 -2.572 -3.176 -3.539 -3.796 -4.349 -4.425
0.00015547 -2.00000 9.00000 1.8382817507 2.5609668146    1.833  3.300  3.6688  1.029    8  0.603  0.290    23.78    15.48    10.69     8.14     6.64  3 -1.86e-07      0.00 7.305e-01 2.693e-01 1.504e-05 2.777e-05 6.920e-05 -1.000 2.118e-04 -3.479 -2.000 -2.459 -3.011 -3.347 -3.589 -4.120 -4.193
0.00015547 -2.00000 9.00000 1.8382838964 2.5609669253    1.831  3.323  3.6672  0.998    8  0.604  0.290    25.27    16.35    11.26     8.58     7.00  3 -2.02e-07      0.00 7.305e-01 2.693e-01 1.504e-05 2.777e-05 6.920e-05 -1.000 2.119e-04 -3.537 -2.017 -2.490 -3.055 -3.398 -3.644 -4.179 -4.254
0.00015547 -2.00000 9.00000 1.8382865191 2.5609670606    1.828  3.425  3.6603  0.868    8  0.604  0.290    32.75    20.67    14.09    10.77     8.80  3 -2.92e-07      0.00 7.305e-01 2.693e-01 1.504e-05 2.777e-05 6.920e-05 -1.000 2.118e-04 -3.791 -2.055 -2.605 -3.235 -3.612 -3.876 -4.441 -4.519
0.00015547 -2.00000 9.00000 1.8382898569 2.5609672329    1.825  3.531  3.6530  0.732    8  0.604  0.290    43.02    26.44    17.83    13.68    11.18  2 -4.42e-07      0.00 7.305e-01 2.693e-01 1.504e-05 2.777e-05 6.920e-05 -1.000 2.118e-04 -4.058 -2.115 -2.731 -3.417 -3.827 -4.108 -4.703 -4.786
0.00015547 -2.00000 9.00000 1.8382937908 2.5609674359    1.821  3.605  3.6479  0.637    8  0.604  0.290    52.02    31.39    21.00    16.15    13.21  2 -5.98e-07      0.00 7.305e-01 2.693e-01 1.504e-05 2.777e-05 6.920e-05 -1.000 2.119e-04 -4.243 -2.167 -2.823 -3.542 -3.975 -4.265 -4.882 -4.967
0.00015547 -2.00000 9.00000 1.8382983208 2.5609676696    1.817  3.643  3.6452  0.587    8  0.604  0.290    57.46    34.34    22.88    17.62    14.41  2 -7.03e-07      0.00 7.305e-01 2.693e-01 1.504e-05 2.777e-05 6.920e-05 -1.000 2.119e-04 -4.338 -2.190 -2.866 -3.604 -4.048 -4.344 -4.973 -5.060
0.00015547 -2.00000 9.00000 1.8383035660 2.5609679403    1.812  3.658  3.6440  0.566    8  0.605  0.290    59.89    35.66    23.71    18.28    14.95  2 -7.51e-07      0.00 7.305e-01 2.693e-01 1.504e-05 2.777e-05 6.920e-05 -1.000 2.119e-04 -4.376 -2.195 -2.881 -3.626 -4.076 -4.374 -5.008 -5.096
0.00015547 -2.00000 9.00000 1.8383094072 2.5609682417    1.806  3.664  3.6434  0.556    8  0.605  0.290    60.99    36.25    24.08    18.57    15.19  2 -7.72e-07      0.00 7.305e-01 2.693e-01 1.504e-05 2.777e-05 6.920e-05 -1.000 2.119e-04 -4.390 -2.193 -2.884 -3.633 -4.086 -4.385 -5.022 -5.110
0.00015547 -2.00000 9.00000 1.8383096457 2.5609682540    1.805  3.719  3.6397  0.486    8  0.605  0.290    70.18    41.14    27.18    21.00    17.18  2  -9.8e-07      0.00 7.305e-01 2.693e-01 1.507e-05 2.777e-05 6.920e-05 -1.000 2.120e-04 -4.528 -2.221 -2.943 -3.720 -4.191 -4.498 -5.153 -5.243
0.00015547 -2.00000 9.00000 1.8383104801 2.5609682971    1.804  3.610  3.6470  0.624    8  0.605  0.293    53.17    32.03    21.40    16.47    13.46  2 -6.14e-07      0.00 7.305e-01 2.693e-01 1.519e-05 2.777e-05 6.922e-05 -1.000 2.121e-04 -4.254 -2.156 -2.818 -3.543 -3.979 -4.271 -4.892 -4.978
0.00015547 -2.00000 9.00000 1.8383120298 2.5609683771    1.803  3.407  3.6605  0.880    8  0.605  0.297    31.82    20.16    13.75    10.51     8.58  3 -2.77e-07      0.00 7.305e-01 2.693e-01 1.540e-05 2.777e-05 6.925e-05 -1.000 2.123e-04 -3.748 -2.022 -2.568 -3.195 -3.570 -3.834 -4.397 -4.475
0.00015547 -2.00000 9.00000 1.8383144140 2.5609685001    1.800  3.318  3.6664  0.993    8  0.605  0.303    25.38    16.44    11.32     8.63     7.04  3    -2e-07      0.00 7.305e-01 2.693e-01 1.573e-05 2.777e-05 6.929e-05 -1.000 2.127e-04 -3.524 -1.984 -2.465 -3.035 -3.381 -3.628 -4.167 -4.242
0.00015547 -2.00000 9.00000 1.8383175135 2.5609686600    1.797  3.341  3.6647  0.962    8  0.605  0.311    27.01    17.39    11.94     9.11     7.44  3 -2.18e-07      0.00 7.305e-01 2.693e-01 1.617e-05 2.777e-05 6.936e-05 -1.000 2.131e-04 -3.584 -1.994 -2.492 -3.078 -3.431 -3.683 -4.228 -4.304
0.00015547 -2.00000 9.00000 1.8383215666 2.5609688692    1.793  3.443  3.6577  0.832    8  0.605  0.321    35.02    21.98    14.94    11.44     9.34  3 -3.17e-07      0.00 7.304e-01 2.693e-01 1.673e-05 2.777e-05 6.943e-05 -1.000 2.138e-04 -3.837 -2.018 -2.596 -3.249 -3.640 -3.910 -4.486 -4.566
0.00015547 -2.00000 9.00000 1.8383264542 2.5609691214    1.787  3.548  3.6504  0.696    8  0.606  0.334    45.96    28.09    18.87    14.51    11.85  2 -4.82e-07      0.00 7.304e-01 2.693e-01 1.742e-05 2.777e-05 6.953e-05 -1.000 2.146e-04 -4.101 -2.096 -2.730 -3.431 -3.852 -4.137 -4.743 -4.827
0.00015547 -2.00000 9.00000 1.8383322954 2.5609694228    1.781  3.621  3.6453  0.601    8  0.606  0.349    55.56    33.34    22.23    17.13    14.00  2 -6.53e-07      0.00 7.304e-01 2.694e-01 1.824e-05 2.777e-05 6.964e-05 -1.000 2.155e-04 -4.283 -2.144 -2.817 -3.552 -3.995 -4.290 -4.918 -5.005
0.00015547 -2.00000 9.00000 1.8383390903 2.5609697734    1.774  3.659  3.6425  0.550    8  0.606  0.367    61.44    36.50    24.23    18.70    15.29  2 -7.68e-07      0.00 7.304e-01 2.694e-01 1.919e-05 2.777e-05 6.978e-05 -1.000 2.166e-04 -4.378 -2.160 -2.857 -3.610 -4.066 -4.367 -5.007 -5.096
0.00015547 -2.00000 9.00000 1.8383468390 2.5609701732    1.766  3.674  3.6411  0.527    8  0.607  0.387    64.19    37.97    25.16    19.43    15.89  2 -8.24e-07      0.00 7.304e-01 2.694e-01 2.028e-05 2.777e-05 6.993e-05 -1.000 2.178e-04 -4.416 -2.161 -2.868 -3.631 -4.093 -4.397 -5.042 -5.132
0.00015547 -2.00000 9.00000 1.8383556604 2.5609706284    1.757  3.680  3.6404  0.516    8  0.607  0.409    65.56    38.70    25.62    19.80    16.19  2 -8.49e-07      0.00 7.304e-01 2.694e-01 2.151e-05 2.777e-05 7.010e-05 -1.000 2.192e-04 -4.431 -2.155 -2.868 -3.636 -4.102 -4.407 -5.056 -5.146
0.00015547 -2.00000 9.00000 1.8383560181 2.5609706469    1.756  3.740  3.6363  0.440    8  0.607  0.444    76.32    44.37    29.20    22.61    18.49  2  -1.1e-06      0.00 7.304e-01 2.694e-01 2.339e-05 2.777e-05 7.022e-05 -1.000 2.212e-04 -4.579 -2.177 -2.924 -3.722 -4.210 -4.524 -5.194 -5.287
0.00015547 -2.00000 9.00000 1.8383575678 2.5609707268    1.753  3.632  3.6435  0.576    8  0.607  0.568    58.06    34.69    23.08    17.81    14.55  2 -6.92e-07      0.00 7.303e-01 2.694e-01 3.010e-05 2.777e-05 7.067e-05 -1.000 2.284e-04 -4.309 -2.125 -2.811 -3.557 -4.007 -4.306 -4.940 -5.028
0.00015547 -2.00000 9.00000 1.8383603096 2.5609708683    1.749  3.432  3.6568  0.828    8  0.608  0.784    35.00    22.00    14.94    11.45     9.35  2 -3.11e-07      0.00 7.302e-01 2.695e-01 4.203e-05 2.777e-05 7.147e-05 -1.000 2.412e-04 -3.811 -1.975 -2.558 -3.215 -3.609 -3.880 -4.459 -4.539
0.00015547 -2.00000 9.00000 1.8383644819 2.5609710836    1.743  3.345  3.6626  0.937    8  0.608  1.079    28.07    18.04    12.36     9.44     7.71  2 -2.25e-07      0.00 7.301e-01 2.696e-01 5.876e-05 2.777e-05 7.260e-05  5.691 2.590e-04 -3.591 -1.942 -2.461 -3.065 -3.428 -3.684 -4.237 -4.314
0.00015547 -2.00000 9.00000 1.8383700848 2.5609713727    1.734  3.372  3.6604  0.899    8  0.608  1.426    30.26    19.31    13.18    10.09     8.23  2  -2.5e-07      0.00 7.300e-01 2.697e-01 7.916e-05 2.776e-05 7.403e-05  6.431 2.809e-04 -3.660 -1.940 -2.484 -3.109 -3.483 -3.746 -4.308 -4.386
0.00015547 -2.00000 9.00000 1.8383772373 2.5609717417    1.723  3.476  3.6529  0.762    8  0.609  1.787    39.79    24.70    16.68    12.81    10.46  2 -3.73e-07      0.00 7.298e-01 2.699e-01 1.014e-04 2.776e-05 7.565e-05  6.707 3.048e-04 -3.921 -1.988 -2.600 -3.282 -3.691 -3.970 -4.565 -4.647
0.00015547 -2.00000 9.00000 1.8383859396 2.5609721908    1.710  3.585  3.6448  0.617    8  0.609  2.117    53.05    32.00    21.35    16.47    13.46  2 -5.81e-07      0.00 7.297e-01 2.700e-01 1.228e-04 2.776e-05 7.735e-05  6.869 3.279e-04 -4.192 -2.255 -2.901 -3.599 -3.985 -4.260 -4.780 -4.866
0.00015547 -2.00000 9.00000 1.8383963108 2.5609727259    1.695  3.662  3.6387  0.512    8  0.610  2.366    65.42    38.64    25.56    19.78    16.16  2 -8.12e-07      0.00 7.295e-01 2.701e-01 1.401e-04 2.776e-05 7.895e-05  6.966 3.468e-04 -4.385 -2.413 -3.071 -3.779 -4.170 -4.448 -4.972 -5.058
0.00015547 -2.00000 9.00000 1.8384084702 2.5609733533    1.677  3.706  3.6348  0.448    8  0.611  2.475    74.16    43.24    28.45    22.06    18.03  2  -9.9e-07      0.00 7.294e-01 2.703e-01 1.489e-04 2.775e-05 8.024e-05  7.006 3.569e-04 -4.494 -2.457 -3.133 -3.855 -4.253 -4.535 -5.068 -5.157
0.00015547 -2.00000 9.00000 1.8384222984 2.5609740667    1.656  3.728  3.6323  0.410    8  0.611  2.375    79.81    46.18    30.29    23.52    19.23  2 -1.11e-06      0.00 7.293e-01 2.703e-01 1.442e-04 2.776e-05 8.097e-05  6.979 3.529e-04 -4.551 -2.471 -3.158 -3.889 -4.293 -4.577 -5.116 -5.207
0.00015547 -2.00000 9.00000 1.8384379148 2.5609748724    1.634  3.743  3.6301  0.381    8  0.612  1.977    84.35    48.52    31.74    24.67    20.18  2  -1.2e-06      0.00 7.294e-01 2.703e-01 1.198e-04 2.776e-05 8.083e-05  6.830 3.282e-04 -4.587 -2.473 -3.169 -3.907 -4.315 -4.602 -5.145 -5.238
0.00015547 -2.00000 9.00000 1.8384383917 2.5609748970    1.632  3.810  3.6251  0.293    8  0.612  5.673   100.59    56.80    36.90    28.75    23.52  1 -1.62e-06      0.00 7.278e-01 2.716e-01 4.049e-04 2.771e-05 9.518e-05  7.582 6.284e-04 -4.755 -2.562 -3.281 -4.034 -4.450 -4.741 -5.293 -5.391
0.00015547 -2.00000 9.00000 1.8384401798 2.5609749893    1.628  3.704  3.6327  0.429    8  0.612  5.894    76.48    44.44    29.19    22.66    18.52  1 -1.01e-06      0.00 7.277e-01 2.716e-01 4.236e-04 2.771e-05 9.582e-05  7.605 6.478e-04 -4.489 -2.426 -3.110 -3.837 -4.237 -4.520 -5.054 -5.145
0.00015547 -2.00000 9.00000 1.8384433985 2.5609751554    1.621  3.507  3.6468  0.680    8  0.613  6.278    46.04    28.21    18.91    14.58    11.91  2 -4.45e-07      0.00 7.276e-01 2.717e-01 4.565e-04 2.770e-05 9.696e-05  7.643 6.821e-04 -3.998 -2.077 -2.716 -3.410 -3.793 -4.067 -4.583 -4.669
0.00015547 -2.00000 9.00000 1.8384482861 2.5609754075    1.609  3.418  3.6529  0.790    8  0.613  6.792    36.76    23.06    15.60    12.00     9.79  2 -3.16e-07      0.00 7.274e-01 2.719e-01 5.021e-04 2.770e-05 9.858e-05  7.691 7.297e-04 -3.776 -1.856 -2.463 -3.142 -3.548 -3.826 -4.419 -4.501
0.00015547 -2.00000 9.00000 1.8384548426 2.5609757458    1.594  3.447  3.6501  0.746    8  0.613  7.379    40.06    24.91    16.79    12.93    10.55  2 -3.55e-07      0.00 7.271e-01 2.721e-01 5.566e-04 2.769e-05 1.006e-04  7.741 7.864e-04 -3.848 -1.860 -2.487 -3.183 -3.601 -3.884 -4.488 -4.571
0.00015547 -2.00000 9.00000 1.8384633064 2.5609761825    1.575  3.550  3.6414  0.603    8  0.614  7.962    53.28    32.15    21.41    16.57    13.53  2  -5.4e-07      0.00 7.269e-01 2.723e-01 6.137e-04 2.768e-05 1.028e-04  7.789 8.462e-04 -4.105 -2.169 -2.815 -3.514 -3.900 -4.175 -4.691 -4.777
0.00015547 -2.00000 9.00000 1.8384735584 2.5609767114    1.552  3.656  3.6320  0.453    8  0.615  8.447    71.88    42.01    27.64    21.48    17.55  1 -8.54e-07      0.00 7.266e-01 2.725e-01 6.649e-04 2.767e-05 1.050e-04  7.828 8.999e-04 -4.370 -2.305 -2.987 -3.714 -4.114 -4.397 -4.931 -5.023
0.00015547 -2.00000 9.00000 1.8384857178 2.5609773387    1.526  3.731  3.6244  0.340    8  0.615  8.724    90.00    51.32    33.44    26.08    21.32  1 -1.21e-06      0.00 7.264e-01 2.727e-01 6.991e-04 2.766e-05 1.069e-04  7.851 9.362e-04 -4.558 -2.370 -3.084 -3.835 -4.250 -4.540 -5.092 -5.190
0.00015547 -2.00000 9.00000 1.8385000229 2.5609780767    1.495  3.774  3.6190  0.266    8  0.616  8.665   104.00    58.34    37.78    29.54    24.15  1 -1.49e-06      0.00 7.263e-01 2.728e-01 7.024e-04 2.766e-05 1.081e-04  7.853 9.407e-04 -4.666 -2.386 -3.124 -3.892 -4.318 -4.613 -5.179 -5.281
0.00015547 -2.00000 9.00000 1.8385162354 2.5609789131    1.460  3.798  3.6147  0.215    8  0.617  8.109   114.63    63.54    40.97    32.11    26.25  1 -1.69e-06      0.00 7.264e-01 2.728e-01 6.578e-04 2.766e-05 1.082e-04  7.821 8.958e-04 -4.724 -2.365 -3.122 -3.906 -4.341 -4.640 -5.218 -5.325
0.00015547 -2.00000 9.00000 1.8385345936 2.5609798602    1.423  3.814  3.6105  0.171    8  0.619  6.825   124.63    68.35    43.90    34.47    28.18  1 -1.87e-06      0.00 7.267e-01 2.726e-01 5.458e-04 2.767e-05 1.066e-04  7.728 7.812e-04 -4.764 -2.330 -3.106 -3.903 -4.348 -4.651 -5.241 -5.351
0.00015547 -2.00000 9.00000 1.8385350704 2.5609798848    1.421  3.890  3.6039  0.068    8  0.619 15.936   153.76    82.34    52.44    41.30    33.77  0 -2.67e-06      0.13 7.216e-01 2.763e-01 1.736e-03 2.749e-05 1.452e-04  8.274 2.017e-03 -4.955 -2.040 -2.883 -3.739 -4.239 -4.563 -5.212 -5.336
0.00015547 -2.00000 9.00000 1.8385368586 2.5609799770    1.414  3.785  3.6123  0.205    8  0.619 15.975   116.31    64.26    41.38    32.47    26.54  0 -1.65e-06      0.09 7.216e-01 2.763e-01 1.741e-03 2.749e-05 1.453e-04  8.275 2.022e-03 -4.693 -2.066 -2.852 -3.662 -4.126 -4.436 -5.045 -5.159
0.00015547 -2.00000 9.00000 1.8385400772 2.5609801430    1.401  3.591  3.6281  0.458    8  0.619 16.043    69.29    40.58    26.67    20.80    16.98  1 -7.07e-07      0.03 7.216e-01 2.763e-01 1.749e-03 2.749e-05 1.454e-04  8.277 2.031e-03 -4.209 -2.017 -2.716 -3.456 -3.870 -4.158 -4.707 -4.804
0.00015547 -2.00000 9.00000 1.8385448456 2.5609803890    1.383  3.500  3.6350  0.571    8  0.619 16.133    54.83    32.97    21.87    17.00    13.87  1  -4.9e-07      0.02 7.216e-01 2.763e-01 1.760e-03 2.749e-05 1.455e-04  8.280 2.043e-03 -3.980 -1.927 -2.594 -3.310 -3.708 -3.988 -4.519 -4.611
0.00015547 -2.00000 9.00000 1.8385515213 2.5609807334    1.358  3.528  3.6310  0.519    8  0.620 16.233    60.67    36.05    23.81    18.55    15.13  1 -5.58e-07      0.03 7.216e-01 2.763e-01 1.772e-03 2.749e-05 1.456e-04  8.283 2.056e-03 -4.050 -1.928 -2.612 -3.340 -3.745 -4.030 -4.570 -4.664
0.00015547 -2.00000 9.00000 1.8385598660 2.5609811639    1.327  3.627  3.6201  0.366    8  0.620 16.322    82.38    47.21    30.78    24.10    19.67  1 -8.65e-07      0.04 7.216e-01 2.763e-01 1.784e-03 2.749e-05 1.457e-04  8.286 2.067e-03 -4.298 -1.957 -2.689 -3.455 -3.885 -4.181 -4.752 -4.856
0.00015547 -2.00000 9.00000 1.8385701180 2.5609816927    1.290  3.728  3.6083  0.206    8  0.621 16.375   113.64    62.60    40.28    31.70    25.89  0 -1.39e-06      0.09 7.216e-01 2.763e-01 1.790e-03 2.749e-05 1.458e-04  8.288 2.075e-03 -4.549 -1.872 -2.669 -3.488 -3.958 -4.271 -4.889 -5.006
0.00015547 -2.00000 9.00000 1.8385822773 2.5609823200    1.248  3.798  3.5983  0.081    8  0.622 16.358   145.87    77.80    49.53    39.16    31.99  0 -1.98e-06      0.11 7.217e-01 2.763e-01 1.789e-03 2.749e-05 1.458e-04  8.288 2.073e-03 -4.726 -1.777 -2.631 -3.496 -4.001 -4.328 -4.985 -5.114
0.00015547 -2.00000 9.00000 1.8385964632 2.5609830517    1.200  3.838  3.5905 -0.007    8  0.623 16.226   173.47    90.27    57.04    45.26    36.97  0 -2.47e-06      0.14 7.217e-01 2.763e-01 1.773e-03 2.749e-05 1.457e-04  8.284 2.057e-03 -4.824 -1.661 -2.552 -3.446 -3.979 -4.315 -5.004 -5.142
0.00015547 -2.00000 9.00000 1.8386126757 2.5609838880    1.148  3.858  3.5837 -0.073    8  0.624 15.929   197.62   100.71    63.26    50.35    41.14  0 -2.86e-06      0.16 7.217e-01 2.762e-01 1.737e-03 2.749e-05 1.454e-04  8.274 2.020e-03 -4.875 -1.572 -2.482 -3.391 -3.940 -4.282 -4.993 -5.138
0.00015547 -2.00000 9.00000 1.8386309147 2.5609848288    1.091  3.872  3.5770 -0.136    8  0.625 15.403   213.26   111.29    69.52    55.52    45.35  0 -3.21e-06      0.17 7.218e-01 2.762e-01 1.674e-03 2.749e-05 1.449e-04  8.257 1.955e-03 -4.909 -1.477 -2.403 -3.327 -3.892 -4.240 -4.973 -5.124
0.00015547 -2.00000 9.00000 1.8386313915 2.5609848534    1.088  3.957  3.5678 -0.259    8  0.625 22.862   256.68   138.85    85.86    68.80    56.23  0 -4.84e-06      0.49 7.165e-01 2.799e-01 3.194e-03 2.730e-05 1.863e-04  8.551 3.533e-03 -5.122 -0.761 -1.775 -2.785 -3.453 -3.835 -4.681 -4.859
0.00015547 -2.00000 9.00000 1.8386330605 2.5609849395    1.079  3.853  3.5779 -0.119    8  0.625 22.799   206.98   107.62    67.31    53.75    43.90  0 -2.99e-06      0.34 7.166e-01 2.799e-01 3.177e-03 2.730e-05 1.858e-04  8.548 3.516e-03 -4.864 -1.018 -1.979 -2.938 -3.546 -3.908 -4.687 -4.847
0.00015547 -2.00000 9.00000 1.8386361599 2.5609850994    1.062  3.663  3.5968  0.140    8  0.625 22.690   125.15    67.07    42.83    33.99    27.72  0 -1.27e-06      0.16 7.167e-01 2.798e-01 3.149e-03 2.730e-05 1.850e-04  8.544 3.486e-03 -4.387 -1.317 -2.175 -3.045 -3.561 -3.891 -4.563 -4.695
0.00015547 -2.00000 9.00000 1.8386409283 2.5609853453    1.036  3.569  3.6052  0.257    8  0.626 22.548    97.71    53.97    34.78    27.54    22.44  0 -8.66e-07      0.12 7.169e-01 2.797e-01 3.111e-03 2.731e-05 1.840e-04  8.539 3.447e-03 -4.153 -1.367 -2.172 -3.000 -3.481 -3.797 -4.430 -4.552
0.00015547 -2.00000 9.00000 1.8386472464 2.5609856712    1.002  3.597  3.6000  0.193    8  0.626 22.396   110.88    60.05    38.49    30.56    24.91  0 -1.02e-06      0.14 7.170e-01 2.796e-01 3.072e-03 2.731e-05 1.829e-04  8.533 3.406e-03 -4.224 -1.283 -2.119 -2.971 -3.472 -3.796 -4.451 -4.578
0.00015547 -2.00000 9.00000 1.8386553526 2.5609860893    0.961  3.693  3.5865  0.025    8  0.627 22.273   156.37    80.49    50.87    40.62    33.12  0 -1.65e-06      0.20 7.171e-01 2.795e-01 3.040e-03 2.732e-05 1.820e-04  8.528 3.373e-03 -4.463 -1.110 -2.018 -2.928 -3.481 -3.823 -4.538 -4.682
0.00015547 -2.00000 9.00000 1.8386652470 2.5609865997    0.912  3.789  3.5721 -0.151    8  0.627 22.233   204.37   109.22    68.00    54.65    44.58  0 -2.76e-06      0.34 7.172e-01 2.795e-01 3.028e-03 2.732e-05 1.816e-04  8.526 3.361e-03 -4.703 -0.788 -1.760 -2.728 -3.347 -3.712 -4.504 -4.669
0.00015547 -2.00000 9.00000 1.8386770487 2.5609872084    0.858  3.856  3.5600 -0.292    8  0.628 22.346   248.33   138.84    85.40    69.03    56.32  0 -4.12e-06      0.47 7.171e-01 2.795e-01 3.055e-03 2.732e-05 1.823e-04  8.530 3.390e-03 -4.870 -0.420 -1.451 -2.471 -3.154 -3.542 -4.405 -4.589
0.00015547 -2.00000 9.00000 1.8386908770 2.5609879216    0.799  3.893  3.5508 -0.397    8  0.629 22.690   258.62    -1.00    -1.00    -1.00    -1.00  0 -5.43e-06      0.66 7.168e-01 2.797e-01 3.142e-03 2.731e-05 1.846e-04  8.543 3.479e-03 -4.962 0.101 -0.992 -2.071 -2.828 -3.239 -4.178 -4.382
0.00015547 -2.00000 9.00000 1.8387064934 2.5609887271    0.736  3.912  3.5433 -0.481    8  0.630 23.342   223.14    -1.00    -1.00    -1.00    -1.00  0 -6.71e-06      0.88 7.162e-01 2.801e-01 3.313e-03 2.729e-05 1.892e-04  8.567 3.657e-03 -5.009 0.750 -0.416 -1.561 -2.401 -2.838 -3.861 -4.087
0.00015547 -2.00000 9.00000 1.8387242556 2.5609896432    0.672  3.924  3.5362 -0.562    8  0.632 24.360   188.87    -1.00    -1.00    -1.00    -1.00  0  -8.2e-06      1.23 7.153e-01 2.808e-01 3.599e-03 2.725e-05 1.970e-04  8.604 3.954e-03 -5.040 1.717 0.448 -0.790 -1.745 -2.219 -3.356 -3.613
0.00015547 -2.00000 9.00000 1.8387316465 2.5609900244    0.632 -9.999  4.0562  1.573    9  0.632  0.000     0.00     0.00     0.00     0.00     0.00 -1    -1e-30      0.00 7.147e-01 2.811e-01 3.770e-03 2.723e-05 2.014e-04  8.625 4.132e-03 29.767 30.297 30.342 30.358 30.359 30.363 30.379 30.379

